	d_Ninter(um)	t_Ninter(s)
0	157.49716559895012	0.0
1	158.488685811695	0.03333333333333333
2	158.78599107628105	0.06666666666666667
3	158.60483566585313	0.1
4	158.50607201510985	0.13333333333333333
5	158.53247700633082	0.16666666666666666
6	158.62020664323032	0.2
7	158.19388894966053	0.23333333333333334
8	158.45007911086253	0.26666666666666666
9	158.17627863914976	0.3
10	158.42240784877285	0.3333333333333333
11	158.53387613203267	0.36666666666666664
12	158.4827674799753	0.4
13	158.7040458124776	0.43333333333333335
14	159.19821250099866	0.4666666666666667
15	158.62165478484278	0.5
16	158.64482299431276	0.5333333333333333
17	158.02460112992546	0.5666666666666667
18	158.6264259843888	0.6
19	158.66205882823277	0.6333333333333333
20	158.77480951709413	0.6666666666666666
21	158.33528797678966	0.7
22	158.01697252287988	0.7333333333333333
23	157.5804421654579	0.7666666666666666
24	158.65051510426213	0.8
25	158.31423165313265	0.8333333333333334
26	158.1203586530199	0.8666666666666667
27	158.11920004190517	0.9
28	158.84577398846366	0.9333333333333333
29	158.34149475344861	0.9666666666666667
30	158.27240916047722	1.0
31	157.96680683457305	1.0333333333333332
32	158.8343712627439	1.0666666666666667
33	158.8299578822333	1.1
34	158.52916595523902	1.1333333333333333
35	158.79461969675958	1.1666666666666667
36	158.73536625174654	1.2
37	158.55291639220488	1.2333333333333334
38	158.368265730453	1.2666666666666666
39	158.1741900430706	1.3
40	158.37559446843966	1.3333333333333333
41	157.97702707138686	1.3666666666666667
42	158.2511665229254	1.4
43	157.84715096470111	1.4333333333333333
44	158.04425208387943	1.4666666666666666
45	158.18427919909084	1.5
46	158.0518269352961	1.5333333333333332
47	157.685988616597	1.5666666666666667
48	158.2804732753064	1.6
49	157.2630454310931	1.6333333333333333
50	157.32184177467207	1.6666666666666667
51	157.53343631635104	1.7
52	157.57291211615475	1.7333333333333334
53	157.1750152030926	1.7666666666666666
54	158.25353107300376	1.8
55	157.7948917335966	1.8333333333333333
56	157.51067689611034	1.8666666666666667
57	157.48985271367118	1.9
58	157.59549406662404	1.9333333333333333
59	157.98694402345788	1.9666666666666666
60	157.26212070041493	2.0
61	157.76092657562813	2.033333333333333
62	157.78189118421614	2.0666666666666664
63	157.43578766978732	2.1
64	157.3358872165404	2.1333333333333333
65	157.03470968998718	2.1666666666666665
66	157.44282784830952	2.2
67	157.63564083276214	2.2333333333333334
68	157.38307380276137	2.2666666666666666
69	157.4301943986006	2.3
70	157.9208636047884	2.3333333333333335
71	157.40743699465696	2.3666666666666667
72	157.47911886077304	2.4
73	157.11337595112963	2.433333333333333
74	157.43516441213959	2.466666666666667
75	157.36746525218942	2.5
76	157.5220475746127	2.533333333333333
77	157.28236810214258	2.5666666666666664
78	156.7976890882439	2.6
79	157.7008922829309	2.6333333333333333
80	157.57393117382816	2.6666666666666665
81	157.51974383058408	2.7
82	157.61541178955665	2.7333333333333334
83	158.0563966992444	2.7666666666666666
84	157.01732073082195	2.8
85	157.37438613758653	2.8333333333333335
86	157.22872371886618	2.8666666666666667
87	157.24017088303046	2.9
88	157.0640795614207	2.933333333333333
89	156.6107692100463	2.966666666666667
90	157.03153977425092	3.0
91	156.8613174047906	3.033333333333333
92	157.06647319002138	3.0666666666666664
93	157.51789002475405	3.1
94	157.09137536557475	3.1333333333333333
95	156.40773746675455	3.1666666666666665
96	156.7117312604034	3.2
97	156.87882317126747	3.2333333333333334
98	155.82816329564005	3.2666666666666666
99	155.99243077258882	3.3
100	156.38842935871156	3.3333333333333335
101	156.26794293347342	3.3666666666666667
102	155.8621851455384	3.4
103	155.67342384799622	3.433333333333333
104	155.69402959077678	3.466666666666667
105	155.51101341003803	3.5
106	156.10518209746726	3.533333333333333
107	156.08693292706766	3.5666666666666664
108	156.69491619356972	3.6
109	155.88689003324868	3.6333333333333333
110	156.123071834225	3.6666666666666665
111	156.26501317586496	3.6999999999999997
112	156.60192952876267	3.7333333333333334
113	156.47082675796523	3.7666666666666666
114	156.13076691697617	3.8
115	156.44245263451123	3.8333333333333335
116	156.7884674131614	3.8666666666666667
117	156.51710015496855	3.9
118	156.7024068539968	3.933333333333333
119	156.6479227249373	3.966666666666667
120	156.53764472952116	4.0
121	156.309098870433	4.033333333333333
122	156.89507371091176	4.066666666666666
123	156.52132444083813	4.1
124	156.2517472248641	4.133333333333333
125	156.02130382997018	4.166666666666667
126	156.31294037269964	4.2
127	156.3121889854863	4.233333333333333
128	156.2711675698481	4.266666666666667
129	156.2714059540174	4.3
130	156.27636404681778	4.333333333333333
131	156.61010024128814	4.366666666666666
132	156.21712148223006	4.4
133	155.78474163536066	4.433333333333334
134	155.74005029308933	4.466666666666667
135	156.14602286187613	4.5
136	155.69880404370016	4.533333333333333
137	155.77967904061833	4.566666666666666
138	155.67270182338376	4.6
139	156.07450576250054	4.633333333333333
140	155.304623494084	4.666666666666667
141	155.60698002705706	4.7
142	155.62576003456357	4.733333333333333
143	155.93058711001012	4.766666666666667
144	155.23212376742805	4.8
145	155.23804193096947	4.833333333333333
146	155.0146639916625	4.866666666666666
147	154.32432335831504	4.9
148	154.0380671578087	4.933333333333334
149	154.3935148924754	4.966666666666667
150	154.20970150244727	5.0
151	153.60901391224863	5.033333333333333
152	153.949263156835	5.066666666666666
153	153.18403143111487	5.1
154	153.7969083560735	5.133333333333333
155	153.2684181607479	5.166666666666667
156	153.33880069612536	5.2
157	153.56472153685917	5.233333333333333
158	153.16487999872643	5.266666666666667
159	153.13853264821262	5.3
160	153.53712168528477	5.333333333333333
161	152.7895732586972	5.366666666666666
162	153.02633284154174	5.4
163	153.2933870499248	5.433333333333334
164	152.56361331442582	5.466666666666667
165	153.04467127905295	5.5
166	152.73295754335587	5.533333333333333
167	153.02749489622502	5.566666666666666
168	153.51479248903226	5.6
169	152.84936825390457	5.633333333333333
170	153.36608662468302	5.666666666666667
171	152.73448754193615	5.7
172	153.22362154570783	5.733333333333333
173	152.58977509744	5.766666666666667
174	152.58580485590215	5.8
175	152.14603543947555	5.833333333333333
176	152.00261145748854	5.866666666666666
177	151.96920654162574	5.9
178	151.85622950989185	5.933333333333334
179	151.79494163662034	5.966666666666667
180	151.53305954756448	6.0
181	151.6621598675125	6.033333333333333
182	151.49002560421877	6.066666666666666
183	151.58954857261708	6.1
184	151.93530078154015	6.133333333333333
185	151.83438362535335	6.166666666666667
186	151.85115527761837	6.2
187	151.6986350069448	6.233333333333333
188	151.48286623354633	6.266666666666667
189	151.91919685773965	6.3
190	151.61132796792225	6.333333333333333
191	151.6608517985986	6.366666666666666
192	151.53416097376083	6.4
193	151.88983285408878	6.433333333333334
194	151.92462763053288	6.466666666666667
195	152.39487574362522	6.5
196	151.4045351321581	6.533333333333333
197	151.62810736197687	6.566666666666666
198	151.99597484289148	6.6
199	151.79573994220274	6.633333333333333
200	151.22489756472459	6.666666666666667
201	151.68681521741695	6.7
202	150.70994521103998	6.733333333333333
203	151.11733342764325	6.766666666666667
204	151.08568965287753	6.8
205	150.9364460531002	6.833333333333333
206	150.8561924099271	6.866666666666666
207	150.97517271644548	6.8999999999999995
208	150.72579932573322	6.933333333333334
209	150.71314132177142	6.966666666666667
210	150.32538511796585	7.0
211	151.08925589134947	7.033333333333333
212	150.29328222396964	7.066666666666666
213	150.31622782648395	7.1
214	150.93752017441668	7.133333333333333
215	150.70588118628507	7.166666666666667
216	150.2671710016622	7.2
217	150.42836603354039	7.233333333333333
218	150.65019734511327	7.266666666666667
219	150.27778558828066	7.3
220	150.52637142291852	7.333333333333333
221	150.0560691406353	7.366666666666666
222	150.53494238338368	7.3999999999999995
223	149.88891971976554	7.433333333333334
224	149.9943943437289	7.466666666666667
225	150.00570297799987	7.5
226	149.78658758213965	7.533333333333333
227	149.99755771079808	7.566666666666666
228	150.0418947848205	7.6
229	149.94611254089898	7.633333333333333
230	149.59104053867102	7.666666666666667
231	149.5889584137009	7.7
232	149.3164980462935	7.733333333333333
233	149.19974906101027	7.766666666666667
234	149.62076165474062	7.8
235	149.6491581733809	7.833333333333333
236	149.14164807408721	7.866666666666666
237	149.3738486470109	7.8999999999999995
238	149.48599403791965	7.933333333333334
239	150.01174150277123	7.966666666666667
240	149.66005625230216	8.0
241	150.14400649377166	8.033333333333333
242	149.5114945035871	8.066666666666666
243	149.6974306952183	8.1
244	149.7867972290363	8.133333333333333
245	150.03048116040333	8.166666666666666
246	149.8320423711729	8.2
247	149.85943933583343	8.233333333333333
248	149.72025866164213	8.266666666666666
249	149.54314851730274	8.3
250	149.1317525660327	8.333333333333334
251	150.27940772984113	8.366666666666667
252	149.05611428375957	8.4
253	149.28882077447824	8.433333333333334
254	149.36841998023658	8.466666666666667
255	149.0429083707925	8.5
256	148.98068008468385	8.533333333333333
257	148.95042624531524	8.566666666666666
258	149.0448207327501	8.6
259	149.1754891545552	8.633333333333333
260	148.74402913639256	8.666666666666666
261	149.12997826932283	8.7
262	148.39372847042824	8.733333333333333
263	148.60044869993106	8.766666666666666
264	148.4837307314835	8.8
265	149.19186254699397	8.833333333333334
266	148.11458715458485	8.866666666666667
267	148.5881488695367	8.9
268	148.418655050107	8.933333333333334
269	148.77635677798588	8.966666666666667
270	148.6766144378296	9.0
271	148.78759461318506	9.033333333333333
272	148.55843837466662	9.066666666666666
273	149.0325121189067	9.1
274	148.83911162103306	9.133333333333333
275	148.3611089021828	9.166666666666666
276	147.98441624392157	9.2
277	148.3322481660048	9.233333333333333
278	148.22561384371176	9.266666666666666
279	148.37995512014317	9.3
280	147.88023388545886	9.333333333333334
281	148.25803076573595	9.366666666666667
282	147.71366596500772	9.4
283	148.3669328369163	9.433333333333334
284	148.1993575882958	9.466666666666667
285	148.10165346616085	9.5
286	147.98209655771043	9.533333333333333
287	147.96809784271917	9.566666666666666
288	147.97486161016664	9.6
289	147.88647709908358	9.633333333333333
290	147.93333115917628	9.666666666666666
291	147.83741070953778	9.7
292	148.6623555466438	9.733333333333333
293	148.14768859927935	9.766666666666666
294	148.1690848761602	9.8
295	148.41610133845327	9.833333333333334
296	147.56442987864656	9.866666666666667
297	148.01004959317393	9.9
298	148.3546646124512	9.933333333333334
299	148.73238257603907	9.966666666666667
300	148.29736023817318	10.0
301	148.196453827281	10.033333333333333
302	147.97561891776093	10.066666666666666
303	147.82665502861775	10.1
304	148.06627416011156	10.133333333333333
305	148.07316466834646	10.166666666666666
306	147.7896834315149	10.2
307	148.04156652259357	10.233333333333333
308	147.98991043118681	10.266666666666666
309	147.94097433555456	10.3
310	147.76503659648117	10.333333333333334
311	147.88696555315494	10.366666666666667
312	147.92531242540016	10.4
313	147.79095761608505	10.433333333333334
314	147.56567787357963	10.466666666666667
315	147.1043612884989	10.5
316	147.01208111778107	10.533333333333333
317	147.08339276482133	10.566666666666666
318	146.73214149750953	10.6
319	147.53728006387047	10.633333333333333
320	147.17162716206442	10.666666666666666
321	147.44231051728892	10.7
322	147.59875834242192	10.733333333333333
323	146.88037470906764	10.766666666666666
324	146.71751900227142	10.8
325	146.69591311209643	10.833333333333334
326	146.902324402357	10.866666666666667
327	146.81243121841337	10.9
328	146.513940432135	10.933333333333334
329	146.79943180644716	10.966666666666667
330	146.8805115991445	11.0
331	147.47645463127816	11.033333333333333
332	146.55319363930334	11.066666666666666
333	146.2966719551346	11.1
334	146.23322891093463	11.133333333333333
335	146.75816018935745	11.166666666666666
336	146.10104232336295	11.2
337	146.56618335796938	11.233333333333333
338	146.06285407262536	11.266666666666666
339	146.52307898060906	11.3
340	146.11627257105945	11.333333333333334
341	146.10833114685084	11.366666666666667
342	145.84221180630024	11.4
343	145.8781961003164	11.433333333333334
344	146.21208817129468	11.466666666666667
345	146.22164611256017	11.5
346	146.35990198815054	11.533333333333333
347	146.25404567458662	11.566666666666666
348	145.52103205031855	11.6
349	145.08394064746017	11.633333333333333
350	145.59720198562053	11.666666666666666
351	146.32876246231234	11.7
352	145.99629928374398	11.733333333333333
353	146.00663063924367	11.766666666666666
354	145.98614093956346	11.8
355	145.69161972402244	11.833333333333334
356	145.9693904299237	11.866666666666667
357	145.8013171589476	11.9
358	145.8721341205773	11.933333333333334
359	145.59764682628395	11.966666666666667
360	145.5316138559319	12.0
361	144.98551587403966	12.033333333333333
362	145.7832423894457	12.066666666666666
363	145.7841558826795	12.1
364	145.46092529560246	12.133333333333333
365	145.61281347904836	12.166666666666666
366	145.59691951846926	12.2
367	145.5894282390437	12.233333333333333
368	145.14702511895635	12.266666666666666
369	145.43812553856029	12.3
370	145.63533915357948	12.333333333333334
371	145.73247433874013	12.366666666666667
372	145.72451422383725	12.4
373	145.4948624997907	12.433333333333334
374	145.5060558783412	12.466666666666667
375	145.20977977372704	12.5
376	145.2531534726872	12.533333333333333
377	145.48950444880597	12.566666666666666
378	145.88512436085233	12.6
379	145.29998359968522	12.633333333333333
380	144.9116605869588	12.666666666666666
381	145.16346710217073	12.7
382	145.27119654655866	12.733333333333333
383	144.9659054298335	12.766666666666666
384	145.18024456010224	12.8
385	144.78020236410262	12.833333333333334
386	145.12954920223126	12.866666666666667
387	144.84584398994514	12.9
388	144.9162798762472	12.933333333333334
389	145.03884531551262	12.966666666666667
390	144.64679484460177	13.0
391	144.20679456822998	13.033333333333333
392	144.4095403387694	13.066666666666666
393	144.30318987136758	13.1
394	144.1139722886883	13.133333333333333
395	144.45100195750047	13.166666666666666
396	144.15857435864444	13.2
397	144.05901907428893	13.233333333333333
398	143.9176473411059	13.266666666666666
399	144.200658047388	13.299999999999999
400	144.0636013549684	13.333333333333334
401	143.987633175987	13.366666666666667
402	144.0519355023865	13.4
403	144.1940965271831	13.433333333333334
404	143.80198008725284	13.466666666666667
405	144.2846852668715	13.5
406	143.90249807990068	13.533333333333333
407	143.73442253926075	13.566666666666666
408	143.81814745625766	13.6
409	143.85364080691124	13.633333333333333
410	143.44052961115398	13.666666666666666
411	143.47830068013732	13.7
412	143.6589897891616	13.733333333333333
413	143.73521325531195	13.766666666666666
414	143.33916432231496	13.799999999999999
415	142.65755378957473	13.833333333333334
416	143.38721838530734	13.866666666666667
417	142.8564865841823	13.9
418	142.85541438075876	13.933333333333334
419	143.42243044429017	13.966666666666667
420	142.4670107860005	14.0
421	142.82872955053242	14.033333333333333
422	141.96924320804234	14.066666666666666
423	142.64144651947757	14.1
424	142.07966891688156	14.133333333333333
425	142.1819795899968	14.166666666666666
426	142.15101996968582	14.2
427	141.99383140264888	14.233333333333333
428	141.7542915559873	14.266666666666666
429	142.28894036670405	14.299999999999999
430	142.7150518231869	14.333333333333334
431	142.50623430541603	14.366666666666667
432	142.2847501320641	14.4
433	142.24521973966247	14.433333333333334
434	141.90846154011126	14.466666666666667
435	141.7734935360907	14.5
436	141.71881080820992	14.533333333333333
437	142.3395000154415	14.566666666666666
438	141.8175083112761	14.6
439	141.89346451209468	14.633333333333333
440	141.59104446334044	14.666666666666666
441	141.4548318691442	14.7
442	141.26918679459664	14.733333333333333
443	141.69318107969755	14.766666666666666
444	142.03133593655997	14.799999999999999
445	140.88404189416218	14.833333333333334
446	141.42386320509948	14.866666666666667
447	140.43025255525637	14.9
448	140.40999987743027	14.933333333333334
449	140.28821962646498	14.966666666666667
450	139.83180859177955	15.0
451	139.71230191049182	15.033333333333333
452	139.5492744217087	15.066666666666666
453	139.42805103985395	15.1
454	139.7966194903286	15.133333333333333
455	139.94576172941976	15.166666666666666
