	d_inter(um)	t_inter(s)
0	80.9782356462743	0.0
1	80.69329701345511	0.03333333333333333
2	80.62524957460197	0.06666666666666667
3	80.64966449763554	0.1
4	80.49363884027292	0.13333333333333333
5	80.31026784156482	0.16666666666666666
6	80.0542179413449	0.2
7	79.4448709679923	0.23333333333333334
8	79.8664389585446	0.26666666666666666
9	79.73359481760862	0.3
10	79.29503905535083	0.3333333333333333
11	79.84268810699172	0.36666666666666664
12	79.62753778800479	0.4
13	79.75234510312133	0.43333333333333335
14	79.70280641496542	0.4666666666666667
15	79.88135313430669	0.5
16	79.92198854612388	0.5333333333333333
17	79.77694891176999	0.5666666666666667
18	80.06823667487774	0.6
19	80.05581109791383	0.6333333333333333
20	80.28150898745977	0.6666666666666666
21	80.1083456204891	0.7
22	80.20577999148237	0.7333333333333333
23	80.24156981771468	0.7666666666666666
24	80.30019344501962	0.8
25	80.2109781580515	0.8333333333333334
26	80.32235874214253	0.8666666666666667
27	79.60666126032932	0.9
28	79.78288538050906	0.9333333333333333
29	79.45089884270809	0.9666666666666667
30	79.30221059256965	1.0
31	79.34034438210303	1.0333333333333332
32	79.4030039931515	1.0666666666666667
33	79.46158917770468	1.1
34	79.54830666390964	1.1333333333333333
35	79.07165524202075	1.1666666666666667
36	78.88264874719866	1.2
37	78.83280562875822	1.2333333333333334
38	78.68573214934042	1.2666666666666666
39	78.4349753536996	1.3
40	77.80217731677473	1.3333333333333333
41	77.19265177524709	1.3666666666666667
42	76.5072529379458	1.4
43	76.1438237419924	1.4333333333333333
44	75.94070450592557	1.4666666666666666
45	75.70159947462652	1.5
46	75.64135294181828	1.5333333333333332
47	75.53913203528128	1.5666666666666667
48	75.14993202622358	1.6
49	75.00810667703188	1.6333333333333333
50	75.1025516859706	1.6666666666666667
51	75.3252143996349	1.7
52	74.90460213483976	1.7333333333333334
53	74.89083419674473	1.7666666666666666
54	74.6440554204118	1.8
55	74.49842702810525	1.8333333333333333
56	74.37373954085967	1.8666666666666667
57	74.06761622876401	1.9
58	73.70033977993681	1.9333333333333333
59	73.87850800942441	1.9666666666666666
60	73.34215637594353	2.0
61	73.66216284323467	2.033333333333333
62	73.37260434669008	2.0666666666666664
63	73.6353678121381	2.1
64	73.17673705055303	2.1333333333333333
65	72.96326520924183	2.1666666666666665
66	72.97560053129675	2.2
67	72.9451218982308	2.2333333333333334
68	72.9603392996576	2.2666666666666666
69	72.68458696832035	2.3
70	72.57024028027578	2.3333333333333335
71	72.36701698310615	2.3666666666666667
72	72.39413360979708	2.4
73	71.61493009104207	2.433333333333333
74	71.65734598355279	2.466666666666667
75	71.10659802304662	2.5
76	70.63293135226641	2.533333333333333
77	71.11616959854994	2.5666666666666664
78	70.43326997833626	2.6
79	70.19914372357812	2.6333333333333333
80	70.2888463754244	2.6666666666666665
81	69.91482825927535	2.7
82	69.76718467487355	2.7333333333333334
83	69.74949512804528	2.7666666666666666
84	69.77606163682749	2.8
85	69.52986804753097	2.8333333333333335
86	69.00000069582148	2.8666666666666667
87	69.54030648701925	2.9
88	68.72491457136962	2.933333333333333
89	68.42262739233811	2.966666666666667
90	68.14315830428755	3.0
91	68.0166718664595	3.033333333333333
92	67.79340874609917	3.0666666666666664
93	68.45798701415987	3.1
94	67.97413118162436	3.1333333333333333
95	67.43497302046619	3.1666666666666665
96	66.67545324744668	3.2
97	66.6452532293179	3.2333333333333334
98	66.17997489095957	3.2666666666666666
99	66.04109021868888	3.3
100	66.07163292348119	3.3333333333333335
101	65.4091411133897	3.3666666666666667
102	65.50375118866165	3.4
103	65.58451854852855	3.433333333333333
104	65.36045470632146	3.466666666666667
105	65.14050564450656	3.5
106	65.23828091485368	3.533333333333333
107	64.54599733606328	3.5666666666666664
108	64.7058236904851	3.6
109	64.63462335738421	3.6333333333333333
110	64.56334193594643	3.6666666666666665
111	64.37964466719129	3.6999999999999997
112	64.12050972804629	3.7333333333333334
113	64.18677332688337	3.7666666666666666
114	63.78396159772392	3.8
115	63.77229045992375	3.8333333333333335
116	63.66121857164942	3.8666666666666667
117	63.192931557815484	3.9
118	63.06668939800244	3.933333333333333
119	62.89438503348284	3.966666666666667
120	63.0737522982726	4.0
121	62.53419054926814	4.033333333333333
122	62.38125384575168	4.066666666666666
123	61.80372891817015	4.1
124	61.28781199354736	4.133333333333333
125	61.36704854971367	4.166666666666667
126	60.72986509261942	4.2
127	60.510761827099486	4.233333333333333
128	60.68754203250003	4.266666666666667
129	59.92866676062477	4.3
130	59.79654912184459	4.333333333333333
131	59.59208344929569	4.366666666666666
132	59.320242498525765	4.4
133	59.07776588762025	4.433333333333334
134	58.96193957074119	4.466666666666667
135	58.760767151274	4.5
136	58.77246292586838	4.533333333333333
137	58.75003610823006	4.566666666666666
138	58.201018911856664	4.6
139	58.14272638790768	4.633333333333333
140	58.227752584138415	4.666666666666667
141	58.07081774250369	4.7
142	57.54479504792754	4.733333333333333
143	58.007632251222475	4.766666666666667
144	58.03807451404698	4.8
145	57.95502937578508	4.833333333333333
146	58.15695120537713	4.866666666666666
147	58.0229746870361	4.9
148	57.60939128020144	4.933333333333334
149	57.916404219986134	4.966666666666667
150	57.67691021883819	5.0
151	57.341540037472505	5.033333333333333
152	57.523304264017305	5.066666666666666
153	57.2342574543154	5.1
154	57.148771086187296	5.133333333333333
155	57.26411471934118	5.166666666666667
156	57.130549757734045	5.2
157	56.48005753595929	5.233333333333333
158	56.400336546412	5.266666666666667
159	55.883800750966074	5.3
160	55.52432957343793	5.333333333333333
161	55.00587243475286	5.366666666666666
162	54.695317673930234	5.4
163	54.51475663154577	5.433333333333334
164	54.48248866022468	5.466666666666667
165	54.271734027794196	5.5
166	54.15253773133485	5.533333333333333
167	54.431762935350655	5.566666666666666
168	53.636212616313095	5.6
169	53.20942564397007	5.633333333333333
170	53.413632458481196	5.666666666666667
171	53.12125354634108	5.7
172	52.87044192580705	5.733333333333333
173	52.84256861986665	5.766666666666667
174	52.449158822076676	5.8
175	52.95131055905004	5.833333333333333
176	52.43241238262129	5.866666666666666
177	52.17746187020001	5.9
178	52.15676786601886	5.933333333333334
179	52.30631165955691	5.966666666666667
180	51.95737225153808	6.0
181	51.464693517381285	6.033333333333333
182	51.03943019683503	6.066666666666666
183	51.33071810108148	6.1
184	50.61965333476762	6.133333333333333
185	51.065918693817885	6.166666666666667
186	50.9941630902934	6.2
187	50.53075398430787	6.233333333333333
188	50.33648626139284	6.266666666666667
189	50.03833503229548	6.3
190	49.87821021124075	6.333333333333333
191	50.09975309974327	6.366666666666666
192	49.971425910593055	6.4
193	49.203203633719774	6.433333333333334
194	49.43663096322149	6.466666666666667
195	48.795697882710265	6.5
196	48.94956229054995	6.533333333333333
197	49.44427359771229	6.566666666666666
198	49.029928440660385	6.6
199	48.90091845969927	6.633333333333333
200	48.702279524982835	6.666666666666667
201	48.4203687431437	6.7
202	48.146742492838236	6.733333333333333
203	47.79820614654193	6.766666666666667
204	47.48230237814007	6.8
205	47.12698630463301	6.833333333333333
206	47.208595991115374	6.866666666666666
207	47.08765629074674	6.8999999999999995
208	46.587723596562036	6.933333333333334
209	46.87181875111454	6.966666666666667
210	46.52255110138947	7.0
211	46.12300162040388	7.033333333333333
212	46.270211092636515	7.066666666666666
213	46.39554208989725	7.1
214	45.728701628391136	7.133333333333333
215	45.28674268101921	7.166666666666667
216	45.046087661209086	7.2
217	44.116580604109174	7.233333333333333
218	43.94933856173404	7.266666666666667
219	43.410233869755665	7.3
220	42.59088353511882	7.333333333333333
221	42.15599258069069	7.366666666666666
222	42.1026804117414	7.3999999999999995
223	41.44904961595026	7.433333333333334
224	41.501032376969405	7.466666666666667
225	41.630847806959316	7.5
226	41.68721155775359	7.533333333333333
227	41.852608728161165	7.566666666666666
228	41.796974281525685	7.6
229	41.82966967758212	7.633333333333333
230	41.31160794269303	7.666666666666667
231	41.16813291703778	7.7
232	41.38537017547144	7.733333333333333
233	40.774603289982906	7.766666666666667
234	40.3510803835103	7.8
235	40.015883361890225	7.833333333333333
236	40.3580193049336	7.866666666666666
237	39.698838561211915	7.8999999999999995
238	39.81320936911229	7.933333333333334
239	39.7300112626559	7.966666666666667
240	39.6506438036453	8.0
241	39.636205808071836	8.033333333333333
242	39.64668906475548	8.066666666666666
243	39.30410823176986	8.1
244	39.757982313066854	8.133333333333333
245	39.72382243635984	8.166666666666666
246	39.37070462236519	8.2
247	39.49330083041308	8.233333333333333
248	39.307186402528444	8.266666666666666
249	39.07257385386229	8.3
250	39.37425850195596	8.333333333333334
251	39.18636523334429	8.366666666666667
252	38.767511047277594	8.4
253	38.47623229223122	8.433333333333334
254	38.951004747861695	8.466666666666667
255	38.59148167103561	8.5
256	38.39522162081843	8.533333333333333
257	38.021071727997764	8.566666666666666
258	38.18550817438113	8.6
259	38.27966969438189	8.633333333333333
260	37.8643011921982	8.666666666666666
261	37.4291711551683	8.7
262	37.723730747757415	8.733333333333333
263	37.417468712303965	8.766666666666666
264	37.357219824292585	8.8
265	37.148825403491905	8.833333333333334
266	37.15977485723567	8.866666666666667
267	36.51240386058827	8.9
268	36.705765613797304	8.933333333333334
269	36.385760653396886	8.966666666666667
270	36.511930744632934	9.0
271	36.17000011267399	9.033333333333333
272	35.63287901092086	9.066666666666666
273	35.26746850728532	9.1
274	34.95366341971748	9.133333333333333
275	34.991979391140134	9.166666666666666
276	34.37134434262576	9.2
277	33.91059880493981	9.233333333333333
278	33.70854941525365	9.266666666666666
