id	FRAME	POSITION_X	POSITION_Y	t	y	delta_r	delta_t	v
1	181	150.35238301347192	128.77690007418562	0.0	128.77690007418562	0.0	0.03333333333333333	0.0
4	181	152.06462869445699	217.6132470556287	0.0	217.6132470556287	0.0	0.03333333333333333	0.0
4	182	152.14170553220688	216.91469435134587	0.03333333333333333	216.91469435134587	0.49220341279251273	0.03333333333333333	14.766102383775381
1	182	150.36792437377127	127.84501169100523	0.03333333333333333	127.84501169100523	0.8680551719851864	0.03333333333333333	26.041655159555592
1	183	150.31832046166573	126.88615712014692	0.06666666666666667	126.88615712014692	0.9214932398743457	0.03333333333333333	27.64479719623037
4	183	152.1445524661149	215.7579487070791	0.06666666666666667	215.7579487070791	1.339989599401361	0.03333333333333333	40.199687982040835
1	184	150.32684514988114	126.41849783425243	0.1	126.41849783425243	0.2171461655090147	0.03333333333333333	6.514384965270441
4	184	152.0372743688038	214.99528140102	0.1	214.99528140102	0.591645863521582	0.03333333333333333	17.74937590564746
1	185	150.15722783313416	125.71049992043028	0.13333333333333333	125.71049992043028	0.5283761477488912	0.03333333333333333	15.851284432466736
4	185	152.15350987192397	213.89894892027988	0.13333333333333333	213.89894892027988	1.216624439848166	0.03333333333333333	36.498733195444984
4	186	152.12627405049514	212.83123939717478	0.16666666666666666	212.83123939717478	1.141485639781205	0.03333333333333333	34.24456919343615
1	186	150.1082098081114	124.74130070160005	0.16666666666666666	124.74130070160005	0.9414715096285989	0.03333333333333333	28.24414528885797
4	187	152.17453967945738	211.8983252914337	0.2	211.8983252914337	0.8720729453092747	0.03333333333333333	26.162188359278243
1	187	150.06125681668908	123.69430918927871	0.2	123.69430918927871	1.0989037410385123	0.03333333333333333	32.96711223115537
4	188	152.30391151265258	211.02546270463864	0.23333333333333334	211.02546270463864	0.777666990913389	0.03333333333333333	23.33000972740167
1	188	149.85445459296184	122.86271971940927	0.23333333333333334	122.86271971940927	0.7331919342179313	0.03333333333333333	21.99575802653794
1	189	149.61809460171096	122.26864585742035	0.26666666666666666	122.26864585742035	0.4069923456994509	0.03333333333333333	12.209770370983527
4	189	152.5536631569276	209.92469535284198	0.26666666666666666	209.92469535284198	1.275585734214273	0.03333333333333333	38.26757202642819
1	190	149.6899524179236	121.3376686724728	0.3	121.3376686724728	0.871293411424431	0.03333333333333333	26.13880234273293
4	190	152.60067907000732	209.17675301476746	0.3	209.17675301476746	0.5600343728393069	0.03333333333333333	16.80103118517921
4	191	152.64322505656867	208.23015862385142	0.3333333333333333	208.23015862385142	0.8973746511867321	0.03333333333333333	26.921239535601963
1	191	149.6135214459837	120.38545849962128	0.3333333333333333	120.38545849962128	0.9121346003061818	0.03333333333333333	27.364038009185453
4	192	152.7425218917538	207.36241009635071	0.36666666666666664	207.36241009635071	0.7618307932543363	0.03333333333333333	22.85492379763009
1	192	149.49835007083584	119.50191689153536	0.36666666666666664	119.50191689153536	0.793008150646223	0.03333333333333333	23.79024451938669
1	193	149.4664029388279	118.76953032844843	0.4	118.76953032844843	0.5357692150007807	0.03333333333333333	16.07307645002342
4	193	152.9941435733935	206.63487421149185	0.4	206.63487421149185	0.5910965046194373	0.03333333333333333	17.73289513858312
4	194	153.15097608329398	205.60755782159939	0.43333333333333335	205.60755782159939	1.080384799374242	0.03333333333333333	32.41154398122726
1	194	149.51590978395262	117.96459703936884	0.43333333333333335	117.96459703936884	0.648991655735347	0.03333333333333333	19.46974967206041
4	195	152.99554856130834	204.83191266522167	0.4666666666666667	204.83191266522167	0.6243397701788918	0.03333333333333333	18.73019310536675
1	195	149.59156913944975	117.00761645985331	0.4666666666666667	117.00761645985331	0.921165294882792	0.03333333333333333	27.63495884648376
1	196	149.52462496958833	116.47454088595889	0.5	116.47454088595889	0.28688967557993383	0.03333333333333333	8.606690267398015
4	196	153.0626982263636	203.78330642346572	0.5	203.78330642346572	1.1046227962511574	0.03333333333333333	33.138683887534725
4	197	153.11680457115884	203.0706944636826	0.5333333333333333	203.0706944636826	0.509055627612684	0.03333333333333333	15.27166882838052
1	197	149.53427084581958	115.58693013198601	0.5333333333333333	115.58693013198601	0.7870213654364582	0.03333333333333333	23.610640963093747
1	198	149.685634498336	114.8941045122468	0.5666666666666667	114.8941045122468	0.5012183545707452	0.03333333333333333	15.036550637122355
4	198	153.25240887220767	202.1039323125417	0.5666666666666667	202.1039323125417	0.9527916918443614	0.03333333333333333	28.583750755330843
1	199	149.72722454788263	113.97295043292021	0.6	113.97295043292021	0.8495753884696431	0.03333333333333333	25.48726165408929
4	199	153.28483744613402	201.01320624725	0.6	201.01320624725	1.1917593882674364	0.03333333333333333	35.752781648023095
1	200	149.82666377372826	113.28407851784469	0.6333333333333333	113.28407851784469	0.4827061609873844	0.03333333333333333	14.481184829621531
4	200	153.2571926067771	200.1826594199761	0.6333333333333333	200.1826594199761	0.6893139304018202	0.03333333333333333	20.679417912054607
4	201	153.29105516729987	199.2531906401118	0.6666666666666666	199.2531906401118	0.8644413823410894	0.03333333333333333	25.93324147023268
1	201	149.72647740922477	112.13180110441442	0.6666666666666666	112.13180110441442	1.3396997195999558	0.03333333333333333	40.190991587998674
1	202	149.61908787787058	111.41380017478531	0.7	111.41380017478531	0.5253976378167229	0.03333333333333333	15.761929134501687
4	202	153.3208557362868	198.46115534910237	0.7	198.46115534910237	0.6267709710370524	0.03333333333333333	18.80312913111157
4	203	153.37083298634812	197.3187228625573	0.7333333333333333	197.3187228625573	1.3093787137414539	0.03333333333333333	39.28136141224362
1	203	149.67841388316617	110.59006511862584	0.7333333333333333	110.59006511862584	0.6807745904389402	0.03333333333333333	20.423237713168206
4	204	153.40932760249117	196.12965784738742	0.7666666666666666	196.12965784738742	1.4177815577927115	0.03333333333333333	42.533446733781346
1	204	149.61902102353363	109.8800750061234	0.7666666666666666	109.8800750061234	0.5059208198706209	0.03333333333333333	15.177624596118626
1	205	149.75181381670478	109.10424477782476	0.8	109.10424477782476	0.6180870029047307	0.03333333333333333	18.542610087141924
4	205	153.1669671755823	195.05201056142025	0.8	195.05201056142025	1.2212582768514946	0.03333333333333333	36.63774830554484
4	206	153.3683773201508	194.0210610293089	0.8333333333333334	194.0210610293089	1.103958072516857	0.03333333333333333	33.11874217550571
1	206	149.57540140547698	108.45662734457142	0.8333333333333334	108.45662734457142	0.448763571493968	0.03333333333333333	13.46290714481904
1	207	149.69013977462075	107.60608909828764	0.8666666666666667	107.60608909828764	0.7354716685399139	0.03333333333333333	22.064150056197416
4	207	153.25327367229866	193.06086767984456	0.8666666666666667	193.06086767984456	0.9349116205519394	0.03333333333333333	28.047348616558182
4	208	153.3316995652394	192.0617249157181	0.9	192.0617249157181	1.0044587891911811	0.03333333333333333	30.133763675735434
1	208	149.53165553010868	106.87774427170089	0.9	106.87774427170089	0.5539972411072575	0.03333333333333333	16.619917233217723
4	209	153.41306157277282	191.09364224626947	0.9333333333333333	191.09364224626947	0.9435349671703332	0.03333333333333333	28.30604901511
1	209	149.72753615250696	105.74694917180392	0.9333333333333333	105.74694917180392	1.3188548484001268	0.03333333333333333	39.56564545200381
4	210	153.4112100965912	190.15299948983898	0.9666666666666667	190.15299948983898	0.8842789650134648	0.03333333333333333	26.528368950403944
1	210	149.6402376198976	105.09170425046992	0.9666666666666667	105.09170425046992	0.4351884671022992	0.03333333333333333	13.055654013068976
4	211	153.19896315748682	189.3947615565828	1.0	189.3947615565828	0.6185151539321081	0.03333333333333333	18.555454617963242
1	211	149.7845900701397	104.27413400526159	1.0	104.27413400526159	0.6879963374907535	0.03333333333333333	20.639890124722605
4	212	153.03268325938083	188.1941305056568	1.0333333333333332	188.1941305056568	1.4719507140857684	0.03333333333333333	44.15852142257305
1	212	149.69773378248502	103.1635845659452	1.0333333333333332	103.1635845659452	1.242183938387852	0.03333333333333333	37.26551815163556
4	213	152.87583070595366	187.1922503206701	1.0666666666666667	187.1922503206701	1.0285083400307327	0.03333333333333333	30.85525020092198
1	213	149.77030739705143	102.76245469039031	1.0666666666666667	102.76245469039031	0.16470943578806296	0.03333333333333333	4.941283073641889
1	214	149.89869139456053	101.563245701393	1.1	101.563245701393	1.4572721885566138	0.03333333333333333	43.71816565669842
4	214	152.76720452260608	186.19423316121464	1.1	186.19423316121464	1.007876660587717	0.03333333333333333	30.236299817631508
1	215	150.0384930943695	100.71572712281858	1.1333333333333333	100.71572712281858	0.7367280025654799	0.03333333333333333	22.101840076964397
4	215	152.51932965138587	185.1392939595879	1.1333333333333333	185.1392939595879	1.175268712873829	0.03333333333333333	35.25806138621487
1	216	150.0734365247687	99.78812588383808	1.1666666666666667	99.78812588383808	0.8610333476861528	0.03333333333333333	25.831000430584584
4	216	152.54261062132852	184.21967765026713	1.1666666666666667	184.21967765026713	0.8455404557899404	0.03333333333333333	25.366213673698212
1	217	150.1294033545839	98.87246414079948	1.2	98.87246414079948	0.8408539369017721	0.03333333333333333	25.225618107053165
4	217	152.5655098723259	183.24111991520627	1.2	183.24111991520627	0.9578976163225376	0.03333333333333333	28.736928489676128
1	218	150.28524607933684	98.05722219445579	1.2333333333333334	98.05722219445579	0.6876429009227105	0.03333333333333333	20.629287027681315
4	218	152.56665962198625	182.30493999380016	1.2333333333333334	182.30493999380016	0.8758649084629692	0.03333333333333333	26.275947253889075
4	219	152.29460804245537	181.17403952320117	1.2666666666666666	181.17403952320117	1.354964118533708	0.03333333333333333	40.64892355601124
1	219	150.19956881978734	97.1200854772196	1.2666666666666666	97.1200854772196	0.8850358189206441	0.03333333333333333	26.551074567619324
1	220	150.28556452030597	96.14911430710207	1.3	96.14911430710207	0.9499411019608212	0.03333333333333333	28.498233058824635
4	220	152.3322009444295	180.2829837195154	1.3	180.2829837195154	0.7944972240375755	0.03333333333333333	23.834916721127264
1	221	150.2188340067429	95.32133778100705	1.3333333333333333	95.32133778100705	0.6884058004901571	0.03333333333333333	20.652174014704713
4	221	152.45369295755017	179.0901723755124	1.3333333333333333	179.0901723755124	1.4401317646260527	0.03333333333333333	43.20395293878158
4	222	152.56473912600217	178.17601640441853	1.3666666666666667	178.17601640441853	0.847323978604391	0.03333333333333333	25.41971935813173
1	222	150.27912240469402	94.6646483710177	1.3666666666666667	94.6646483710177	0.43309547478463783	0.03333333333333333	12.992864243539135
4	223	152.68478994805864	177.27837148848565	1.4	177.27837148848565	0.8193780602723815	0.03333333333333333	24.581341808171445
1	223	150.2493115931304	93.80518242741756	1.4	93.80518242741756	0.7384720972483505	0.03333333333333333	22.154162917450517
4	224	152.666633935704	176.24362151702914	1.4333333333333333	176.24362151702914	1.0713992899736358	0.03333333333333333	32.141978699209076
1	224	150.09805499457912	93.10501513510206	1.4333333333333333	93.10501513510206	0.5114289530242022	0.03333333333333333	15.342868590726066
1	225	149.96761234627624	92.5015497853154	1.4666666666666666	92.5015497853154	0.3793789512036216	0.03333333333333333	11.381368536108647
4	225	152.50002120751975	175.34319869697953	1.4666666666666666	175.34319869697953	0.8377938946168786	0.03333333333333333	25.13381683850636
4	226	152.63847233376782	174.2744723282844	1.5	174.2744723282844	1.162200813548779	0.03333333333333333	34.86602440646337
1	226	149.9404239332907	91.40177481078396	1.5	91.40177481078396	1.2113823908624504	0.03333333333333333	36.34147172587351
4	227	152.61230598277396	173.51235273637238	1.5333333333333332	173.51235273637238	0.5799600446257024	0.03333333333333333	17.398801338771072
1	227	149.8439833469899	90.78042875258942	1.5333333333333332	90.78042875258942	0.39356854547835146	0.03333333333333333	11.807056364350544
4	228	152.8851674463919	172.25854456086697	1.5666666666666667	172.25854456086697	1.6505377208812955	0.03333333333333333	49.51613162643886
1	228	149.84196359872817	89.78097554195801	1.5666666666666667	89.78097554195801	0.9989054369997721	0.03333333333333333	29.967163109993162
1	229	149.64592394175958	89.03830034634544	1.6	89.03830034634544	0.5884664536651911	0.03333333333333333	17.653993609955734
4	229	152.9603391451502	171.2988032909496	1.6	171.2988032909496	0.9264068836336938	0.03333333333333333	27.792206509010814
1	230	149.62670252727796	88.25759368438145	1.6333333333333333	88.25759368438145	0.6083885090892033	0.03333333333333333	18.2516552726761
4	230	152.85599209432698	170.3573335670568	1.6333333333333333	170.3573335670568	0.8967744733261679	0.03333333333333333	26.903234199785036
4	231	152.96977716269012	169.40236027864162	1.6666666666666667	169.40236027864162	0.9245654866839292	0.03333333333333333	27.736964600517876
1	231	149.72750104045068	87.33767557394552	1.6666666666666667	87.33767557394552	0.8557559785237719	0.03333333333333333	25.672679355713157
1	232	149.3681564012739	86.73640495656417	1.7	86.73640495656417	0.48893697371833145	0.03333333333333333	14.668109211549943
4	232	152.72148370429733	168.13666600588994	1.7	168.13666600588994	1.6678082972912476	0.03333333333333333	50.034248918737426
1	233	149.5710735743426	85.79083561703315	1.7333333333333334	85.79083561703315	0.9349685176703756	0.03333333333333333	28.049055530111268
4	233	152.80471748686858	167.30701542821208	1.7333333333333334	167.30701542821208	0.6940041538343639	0.03333333333333333	20.820124615030917
4	234	152.8038107882072	166.22712112127462	1.7666666666666666	166.22712112127462	1.1670559924272812	0.03333333333333333	35.01167977281844
1	234	149.51948438242192	84.89437990361384	1.7666666666666666	84.89437990361384	0.8054395630204636	0.03333333333333333	24.163186890613908
4	235	152.74128669951833	165.499987968239	1.8	165.499987968239	0.5309816343517288	0.03333333333333333	15.929449030551865
1	235	149.5727507840202	84.10476161591973	1.8	84.10476161591973	0.624892435745464	0.03333333333333333	18.746773072363922
4	236	152.88579817298074	164.22153640421215	1.8333333333333333	164.22153640421215	1.659436835011507	0.03333333333333333	49.783105050345206
1	236	149.5825492146999	83.23618139052455	1.8333333333333333	83.23618139052455	0.7534814243399218	0.03333333333333333	22.604442730197654
4	237	152.7924178832364	163.32683798898526	1.8666666666666667	163.32683798898526	0.8083616691929283	0.03333333333333333	24.25085007578785
1	237	149.75898026646192	82.17575238862554	1.8666666666666667	82.17575238862554	1.156461359716143	0.03333333333333333	34.69384079148429
1	238	149.72413660247204	81.68542899710664	1.9	81.68542899710664	0.23994636060801594	0.03333333333333333	7.198390818240478
4	238	152.62862170504548	162.34656990026957	1.9	162.34656990026957	0.9876947643189206	0.03333333333333333	29.630842929567617
1	239	149.54272612966042	80.77329343440206	1.9333333333333333	80.77329343440206	0.8642828767376695	0.03333333333333333	25.928486302130086
4	239	152.58317761145383	161.32509186504655	1.9333333333333333	161.32509186504655	1.045711640644195	0.03333333333333333	31.371349219325854
1	240	149.9930494761636	79.57278383633376	1.9666666666666666	79.57278383633376	1.6480455210973297	0.03333333333333333	49.44136563291989
4	240	152.7474369617688	160.31386744229968	1.9666666666666666	160.31386744229968	1.0498060684361823	0.03333333333333333	31.49418205308547
1	241	149.79008464878495	78.92870859955032	2.0	78.92870859955032	0.45426711455650176	0.03333333333333333	13.628013436695053
4	241	152.59635854216387	159.40364032844525	2.0	159.40364032844525	0.8506633772606632	0.03333333333333333	25.519901317819897
1	242	149.63501927477702	78.31777443524919	2.033333333333333	78.31777443524919	0.39548333741752445	0.03333333333333333	11.864500122525733
4	242	152.58793557208602	158.42946513486453	2.033333333333333	158.42946513486453	0.9488439823523722	0.03333333333333333	28.465319470571167
4	243	152.39218874223005	157.40178094786611	2.0666666666666664	157.40178094786611	1.0949383128658003	0.03333333333333333	32.84814938597401
1	243	149.8512188575201	77.39382018251588	2.0666666666666664	77.39382018251588	0.8999686335106364	0.03333333333333333	26.999059005319094
1	244	149.8349200203055	76.65598416282634	2.1	76.65598416282634	0.543039876536672	0.03333333333333333	16.29119629610016
4	244	152.557931671264	156.29192128208058	2.1	156.29192128208058	1.2606900149651636	0.03333333333333333	37.82070044895491
4	245	152.34312299275317	155.4220799347836	2.1333333333333333	155.4220799347836	0.8018984288450535	0.03333333333333333	24.056952865351604
1	245	149.75756685327772	75.88764685436679	2.1333333333333333	75.88764685436679	0.5948090240265478	0.03333333333333333	17.844270720796434
1	246	149.7457350149119	75.16338507774569	2.1666666666666665	75.16338507774569	0.5230307710643939	0.03333333333333333	15.690923131931816
4	246	152.25868704558374	154.24596396208764	2.1666666666666665	154.24596396208764	1.392637377331347	0.03333333333333333	41.77912131994041
4	247	152.09334616640203	153.3405000444659	2.2	153.3405000444659	0.8465107730595817	0.03333333333333333	25.39532319178745
1	247	149.78678241750137	74.11969853284585	2.2	74.11969853284585	1.0914344983688076	0.03333333333333333	32.743034951064224
4	248	152.10876251295687	152.20975496807552	2.2333333333333334	152.20975496807552	1.2803723668092588	0.03333333333333333	38.41117100427776
1	248	149.78760348149308	73.60848339912509	2.2333333333333334	73.60848339912509	0.2596196781164961	0.03333333333333333	7.788590343494883
1	249	149.93032047183948	72.48311446507361	2.2666666666666666	72.48311446507361	1.288422939158837	0.03333333333333333	38.65268817476511
4	249	152.1462913391563	151.1772228216486	2.2666666666666666	151.1772228216486	1.0678747575087884	0.03333333333333333	32.03624272526365
1	250	149.9339788950306	71.89044980078326	2.3	71.89044980078326	0.349459093587369	0.03333333333333333	10.48377280762107
4	250	152.08438853885602	150.19284296552354	2.3	150.19284296552354	0.9727036854032107	0.03333333333333333	29.181110562096322
1	251	149.92403187789031	71.10678618894818	2.3333333333333335	71.10678618894818	0.6127546364412316	0.03333333333333333	18.38263909323695
4	251	152.16397023716587	149.17200859445848	2.3333333333333335	149.17200859445848	1.0486803789139247	0.03333333333333333	31.46041136741774
1	252	150.01766912280692	70.11884683190547	2.3666666666666667	70.11884683190547	0.9847177658731723	0.03333333333333333	29.541532976195167
4	252	152.2194387504363	148.10993700685978	2.3666666666666667	148.10993700685978	1.1317592848489988	0.03333333333333333	33.95277854546996
4	253	152.22464141156954	147.389432709186	2.4	147.389432709186	0.5174796790593914	0.03333333333333333	15.524390371781742
1	253	150.03570614791946	69.27583120668037	2.4	69.27583120668037	0.7098070442346002	0.03333333333333333	21.294211327038006
4	254	152.3179381953581	146.48341248169692	2.433333333333333	146.48341248169692	0.8288137522924154	0.03333333333333333	24.86441256877246
1	254	150.10975448204783	68.45055242659649	2.433333333333333	68.45055242659649	0.6852975465346949	0.03333333333333333	20.558926396040846
4	255	152.3184146634429	145.332303055496	2.466666666666667	145.332303055496	1.3268915679506528	0.03333333333333333	39.80674703851958
1	255	150.22039891238555	67.74051796945852	2.466666666666667	67.74051796945852	0.5147126673331188	0.03333333333333333	15.441380019993565
4	256	152.33652016115502	144.54074042534387	2.5	144.54074042534387	0.6254587694820122	0.03333333333333333	18.763763084460365
1	256	150.13514997469073	67.01490657685714	2.5	67.01490657685714	0.5321311107389564	0.03333333333333333	15.96393332216869
4	257	152.38634434825929	143.5542519682558	2.533333333333333	143.5542519682558	0.9755234147007209	0.03333333333333333	29.265702441021627
1	257	150.31087510384015	66.35625733766771	2.533333333333333	66.35625733766771	0.46294710238662684	0.03333333333333333	13.888413071598805
1	258	150.3711916270466	65.42881837940493	2.5666666666666664	65.42881837940493	0.8631582276085058	0.03333333333333333	25.894746828255176
4	258	152.45322211924955	142.67196119300473	2.5666666666666664	142.67196119300473	0.7819663290840387	0.03333333333333333	23.458989872521162
4	259	152.48050618276605	141.6096744641047	2.6	141.6096744641047	1.1298736121609465	0.03333333333333333	33.8962083648284
1	259	150.30189255731443	64.47488018854527	2.6	64.47488018854527	0.914399225323326	0.03333333333333333	27.43197675969978
4	260	152.49869458183628	140.71897712993305	2.6333333333333333	140.71897712993305	0.7927695915306079	0.03333333333333333	23.783087745918237
1	260	150.2683228901229	63.576604574878786	2.6333333333333333	63.576604574878786	0.8071779679115064	0.03333333333333333	24.215339037345192
4	261	152.53066622152608	139.64942338315987	2.6666666666666665	139.64942338315987	1.1457312169757001	0.03333333333333333	34.371936509271
1	261	150.18432177872816	62.973458354468825	2.6666666666666665	62.973458354468825	0.3690338004434455	0.03333333333333333	11.071014013303365
4	262	152.61710918962632	138.69172597492607	2.7	138.69172597492607	0.9242999760398163	0.03333333333333333	27.72899928119449
1	262	150.23992684236055	62.14581218962925	2.7	62.14581218962925	0.686824097977925	0.03333333333333333	20.60472293933775
4	263	152.61499351961632	137.80310510743135	2.7333333333333334	137.80310510743135	0.7887333943072082	0.03333333333333333	23.662001829216248
1	263	150.20149983750585	61.44909300088398	2.7333333333333334	61.44909300088398	0.4851710892867176	0.03333333333333333	14.555132678601527
4	264	152.59349948433842	136.83351052139164	2.7666666666666666	136.83351052139164	0.9402918398726413	0.03333333333333333	28.20875519617924
1	264	149.99503842760728	60.483339581930316	2.7666666666666666	60.483339581930316	0.97518585548698	0.03333333333333333	29.2555756646094
1	265	149.95277883747272	59.758294630262135	2.8	59.758294630262135	0.5258165834699506	0.03333333333333333	15.77449750409852
4	265	152.71909369803262	135.77393895795882	2.8	135.77393895795882	1.1391933237052678	0.03333333333333333	34.175799711158035
1	266	149.82289393757412	58.86597623931594	2.8333333333333335	58.86597623931594	0.8122738963045958	0.03333333333333333	24.368216889137873
4	266	152.68721512476597	134.80542215298956	2.8333333333333335	134.80542215298956	0.9387501418110624	0.03333333333333333	28.16250425433187
1	267	149.75485985878902	58.06311199162187	2.8666666666666667	58.06311199162187	0.6478395539192175	0.03333333333333333	19.435186617576527
4	267	152.7033253298065	133.89975907821193	2.8666666666666667	133.89975907821193	0.8196858187250748	0.03333333333333333	24.590574561752245
4	268	152.87532559483842	132.76008620049336	2.9	132.76008620049336	1.330298206661521	0.03333333333333333	39.90894619984563
1	268	149.64328622910034	57.24995636815142	2.9	57.24995636815142	0.6723611239348238	0.03333333333333333	20.170833718044715
1	269	149.55696843361403	56.19832395329989	2.933333333333333	56.19832395329989	1.1139707182466088	0.03333333333333333	33.41912154739826
4	269	152.94117543552315	131.68620389799827	2.933333333333333	131.68620389799827	1.1583940285006507	0.03333333333333333	34.75182085501952
1	270	149.4445900801427	55.54861590688573	2.966666666666667	55.54861590688573	0.4329691401078948	0.03333333333333333	12.989074203236843
4	270	152.95858273596642	130.79405476242079	2.966666666666667	130.79405476242079	0.7953398332759677	0.03333333333333333	23.86019499827903
4	271	153.06187341396281	129.6206060726349	3.0	129.6206060726349	1.3898920827539034	0.03333333333333333	41.6967624826171
1	271	149.5382509609715	54.511218981059905	3.0	54.511218981059905	1.085400676484719	0.03333333333333333	32.562020294541576
4	272	153.01325216972054	128.66237406024342	3.033333333333333	128.66237406024342	0.9201973877852686	0.03333333333333333	27.605921633558058
1	272	149.49571518248018	53.75847837575136	3.033333333333333	53.75847837575136	0.5668481530666518	0.03333333333333333	17.005444591999556
1	273	149.3980018744225	53.13863160461946	3.0666666666666664	53.13863160461946	0.39195420773459505	0.03333333333333333	11.758626232037852
4	273	153.25210000404502	127.68796920357956	3.0666666666666664	127.68796920357956	1.0065453019821116	0.03333333333333333	30.196359059463347
1	274	149.4328685341165	52.20756406547552	3.1	52.20756406547552	0.8674977792030074	0.03333333333333333	26.02493337609022
4	274	153.17277374969106	127.20323293143193	3.1	127.20323293143193	0.239577929128946	0.03333333333333333	7.18733787386838
1	275	149.4682210550889	51.25530471751896	3.1333333333333333	51.25530471751896	0.9076162934669428	0.03333333333333333	27.228488804008286
4	275	153.0576427024191	125.98582762999479	3.1333333333333333	125.98582762999479	1.498297545452499	0.03333333333333333	44.94892636357497
4	276	152.96578861742626	125.23731741236848	3.1666666666666665	125.23731741236848	0.5671257519225331	0.03333333333333333	17.013772557675996
1	276	149.5854007785896	50.58677052789903	3.1666666666666665	50.58677052789903	0.4589135067625536	0.03333333333333333	13.767405202876608
4	277	152.90767041752042	124.02667503741252	3.2	124.02667503741252	1.471818577676882	0.03333333333333333	44.15455733030646
1	277	149.42446193561466	49.68702140937808	3.2	49.68702140937808	0.8347102008549804	0.03333333333333333	25.041306025649412
1	278	149.47074408365822	48.99851760790067	3.2333333333333334	48.99851760790067	0.4744422594284654	0.03333333333333333	14.233267782853963
4	278	152.68344684286086	123.21461997861954	3.2333333333333334	123.21461997861954	0.7085118195312102	0.03333333333333333	21.255354585936306
4	279	152.62120831956284	122.12748988354382	3.2666666666666666	122.12748988354382	1.1867209475305254	0.03333333333333333	35.60162842591576
1	279	149.57611383653276	48.156964672345744	3.2666666666666666	48.156964672345744	0.7181476608575782	0.03333333333333333	21.544429825727345
1	280	149.59395602443803	47.377668256196394	3.3	47.377668256196394	0.6061318374489405	0.03333333333333333	18.183955123468216
4	280	152.5067068456609	121.02995855022108	3.3	121.02995855022108	1.218867605051644	0.03333333333333333	36.566028151549325
1	281	149.56191771333567	46.88956315613575	3.3333333333333335	46.88956315613575	0.23759325643836254	0.03333333333333333	7.127797693150876
4	281	152.49179694211045	119.99510345536758	3.3333333333333335	119.99510345536758	1.0715100988118729	0.03333333333333333	32.14530296435618
1	282	149.56931946232982	45.78526880477541	3.3666666666666667	45.78526880477541	1.220713627641482	0.03333333333333333	36.621408829244466
4	282	152.38870609269233	119.08090496585251	3.3666666666666667	119.08090496585251	0.8456915141988981	0.03333333333333333	25.370745425966945
1	283	149.7498630046907	45.02477782841309	3.4	45.02477782841309	0.6094613098777402	0.03333333333333333	18.283839296332204
4	283	152.30728858219877	118.18411788464756	3.4	118.18411788464756	0.8100188275389059	0.03333333333333333	24.300564826167175
4	284	152.36979131078076	117.19137376819424	3.433333333333333	117.19137376819424	0.98939576511629	0.03333333333333333	29.6818729534887
1	284	149.8451830860599	44.19394606082971	3.433333333333333	44.19394606082971	0.6981365012751519	0.03333333333333333	20.94409503825456
4	285	152.3664998990506	116.01780045671991	3.466666666666667	116.01780045671991	1.3794587468507777	0.03333333333333333	41.383762405523335
1	285	149.75295427087562	43.506749661104564	3.466666666666667	43.506749661104564	0.4790136431421111	0.03333333333333333	14.370409294263332
1	286	149.89141761524255	42.81554146785095	3.5	42.81554146785095	0.4952319584510895	0.03333333333333333	14.856958753532686
4	286	152.39301883608874	115.23108431313122	3.5	115.23108431313122	0.6181662808160949	0.03333333333333333	18.54498842448285
4	287	152.3733326386249	114.37747035864756	3.533333333333333	114.37747035864756	0.7279102619831719	0.03333333333333333	21.837307859495155
1	287	150.12243706571456	41.96578335344118	3.533333333333333	41.96578335344118	0.7744880139314815	0.03333333333333333	23.234640417944444
1	288	149.99871773342159	41.184671071490285	3.5666666666666664	41.184671071490285	0.623998630144888	0.03333333333333333	18.71995890434664
4	288	152.3278052182607	113.32588816477669	3.5666666666666664	113.32588816477669	1.108457214368539	0.03333333333333333	33.25371643105617
1	289	150.11109661318253	40.138064644335046	3.6	40.138064644335046	1.1085740151154184	0.03333333333333333	33.25722045346255
4	289	152.4374194972617	112.42711078786392	3.6	112.42711078786392	0.8190140988108257	0.03333333333333333	24.57042296432477
1	290	150.24507490040708	39.3675375536235	3.6333333333333333	39.3675375536235	0.6101827869722151	0.03333333333333333	18.30548360916645
4	290	152.60789413743515	111.48609723757464	3.6333333333333333	111.48609723757464	0.9141658551049148	0.03333333333333333	27.424975653147442
4	291	152.37347635625068	110.40604831158736	3.6666666666666665	110.40604831158736	1.2226616569760071	0.03333333333333333	36.67984970928021
1	291	150.24077866888686	38.69889226421638	3.6666666666666665	38.69889226421638	0.44533555841850964	0.03333333333333333	13.360066752555289
4	292	152.42458007634613	109.69697428083113	3.6999999999999997	109.69697428083113	0.5037014529721903	0.03333333333333333	15.111043589165709
1	292	150.32918984327594	37.954525403500774	3.6999999999999997	37.954525403500774	0.5603052557924254	0.03333333333333333	16.809157673772763
4	293	152.28285052763897	108.77448726208046	3.7333333333333334	108.77448726208046	0.8704774621631545	0.03333333333333333	26.114323864894633
1	293	150.16209192921352	37.17901466048476	3.7333333333333334	37.17901466048476	0.6279045960424479	0.03333333333333333	18.837137881273435
1	294	150.29456003898545	36.13202497002585	3.7666666666666666	36.13202497002585	1.1143263633370581	0.03333333333333333	33.42979090011175
4	294	152.36867010231882	107.561592410065	3.7666666666666666	107.561592410065	1.4813295000025923	0.03333333333333333	44.43988500007777
1	295	150.31101398973263	35.26441558919289	3.8	35.26441558919289	0.751965247369805	0.03333333333333333	22.55895742109415
4	295	152.40206585093276	106.69657166797093	3.8	106.69657166797093	0.7483118556769988	0.03333333333333333	22.449355670309963
4	296	152.3541092193282	105.62110656936804	3.8333333333333335	105.62110656936804	1.1597673649034168	0.03333333333333333	34.793020947102505
1	296	150.3509303522603	34.37135750740349	3.8333333333333335	34.37135750740349	0.7982638844603416	0.03333333333333333	23.947916533810247
1	297	150.3206567744138	33.358794036828485	3.8666666666666667	33.358794036828485	1.0263320274675578	0.03333333333333333	30.789960824026736
4	297	152.49071383524625	104.66214710911447	3.8666666666666667	104.66214710911447	0.9379695803385596	0.03333333333333333	28.139087410156787
1	298	150.30535803228818	32.819385161074514	3.9	32.819385161074514	0.28943155851322466	0.03333333333333333	8.68294675539674
4	298	152.69118588307413	103.4365152967254	3.9	103.4365152967254	1.545658186103889	0.03333333333333333	46.36974558311667
1	299	150.3956976531501	31.892220701706353	3.933333333333333	31.892220701706353	0.8671892163244292	0.03333333333333333	26.01567648973288
4	299	152.5162318031431	102.41862538732096	3.933333333333333	102.41862538732096	1.06704819406859	0.03333333333333333	32.0114458220577
4	300	152.4969736817274	101.40484319941015	3.966666666666667	101.40484319941015	1.028265688603659	0.03333333333333333	30.84797065810977
1	300	150.25414557501645	31.067709498394862	3.966666666666667	31.067709498394862	0.698626415442061	0.03333333333333333	20.958792463261833
1	301	150.39378387299982	30.139435648841967	4.0	30.139435648841967	0.8806423279039957	0.03333333333333333	26.41926983711987
4	301	152.67839062379898	100.17934474633007	4.0	100.17934474633007	1.538000677297269	0.03333333333333333	46.14002031891807
4	302	152.67697140257772	99.2103310198971	4.033333333333333	99.2103310198971	0.9386984757459507	0.03333333333333333	28.160954272378522
1	302	150.17765497818274	29.151312400498142	4.033333333333333	29.151312400498142	1.0232143541372938	0.03333333333333333	30.696430624118815
4	303	152.67495277836818	98.14605261115685	4.066666666666666	98.14605261115685	1.1333880508660388	0.03333333333333333	34.001641525981164
1	303	150.0894091749649	28.28925935386609	4.066666666666666	28.28925935386609	0.7498638917292588	0.03333333333333333	22.495916751877765
4	304	152.74677724958437	97.1329708881123	4.1	97.1329708881123	1.0316509027826812	0.03333333333333333	30.949527083480437
1	304	150.02475993901874	27.439007815382233	4.1	27.439007815382233	0.725966633031614	0.03333333333333333	21.77899899094842
1	305	149.88900541953717	26.695649523449845	4.133333333333333	26.695649523449845	0.5694368218739084	0.03333333333333333	17.08310465621725
4	305	152.85651761311152	96.15000902304114	4.133333333333333	96.15000902304114	0.9781510449243256	0.03333333333333333	29.344531347729767
1	306	149.81476099691932	26.07247699744156	4.166666666666667	26.07247699744156	0.3920525607445675	0.03333333333333333	11.761576822337025
4	306	152.92908550203546	95.1170761763876	4.166666666666667	95.1170761763876	1.07258472287352	0.03333333333333333	32.1775416862056
1	307	149.86087525644672	24.967077003968164	4.2	24.967077003968164	1.2252552178910507	0.03333333333333333	36.757656536731524
4	307	152.86830001719628	93.96566421914447	4.2	93.96566421914447	1.331310590759133	0.03333333333333333	39.939317722773986
4	308	152.63029570846027	92.9726973509543	4.233333333333333	92.9726973509543	1.0428436861008528	0.03333333333333333	31.285310583025584
1	308	149.99387302099717	24.135125477076073	4.233333333333333	24.135125477076073	0.7086343325656898	0.03333333333333333	21.259029976970695
1	309	149.97049398357603	23.151077360079185	4.266666666666667	23.151077360079185	0.968746478892533	0.03333333333333333	29.06239436677599
4	309	152.63924008362213	92.08076947125024	4.266666666666667	92.08076947125024	0.7947197379963418	0.03333333333333333	23.841592139890253
4	310	152.696838074728	90.99377476898566	4.3	90.99377476898566	1.1858655759273358	0.03333333333333333	35.57596727782008
1	310	149.98567389276292	22.33337009136724	4.3	22.33337009136724	0.6675518187131781	0.03333333333333333	20.026554561395344
1	311	150.0538173508739	21.37749622413939	4.333333333333333	21.37749622413939	0.9179530761781749	0.03333333333333333	27.538592285345246
4	311	152.5127592771857	89.85445841495502	4.333333333333333	89.85445841495502	1.3338087205094347	0.03333333333333333	40.01426161528304
4	312	152.41273064400013	89.19664612743587	4.366666666666666	89.19664612743587	0.44094925769535587	0.03333333333333333	13.228477730860677
1	312	149.90215208437382	20.538256780719532	4.366666666666666	20.538256780719532	0.7261853574770113	0.03333333333333333	21.78556072431034
1	313	149.8508844961736	19.677421548846525	4.4	19.677421548846525	0.7425814848153778	0.03333333333333333	22.277444544461332
4	313	152.43932594853857	87.83667267386593	4.4	87.83667267386593	1.8558519003100538	0.03333333333333333	55.67555700930161
4	314	152.3871660085944	86.81402200886342	4.433333333333334	86.81402200886342	1.0487798718285877	0.03333333333333333	31.46339615485763
1	314	149.9637417077037	18.860045900113413	4.433333333333334	18.860045900113413	0.6795515804613054	0.03333333333333333	20.38654741383916
4	315	152.3176479840898	85.719428240312	4.466666666666667	85.719428240312	1.2040638501877585	0.03333333333333333	36.12191550563276
1	315	149.95944765550462	17.78603035862052	4.466666666666667	17.78603035862052	1.1543397031069385	0.03333333333333333	34.630191093208154
4	316	152.27900611597607	84.67244260865778	4.5	84.67244260865778	1.0981761374242387	0.03333333333333333	32.94528412272716
1	316	149.81485647758018	17.079827645361725	4.5	17.079827645361725	0.517955851957973	0.03333333333333333	15.53867555873919
1	317	149.98638157703334	16.181668487403723	4.533333333333333	16.181668487403723	0.8353738153832224	0.03333333333333333	25.06121446149667
4	317	152.26668579666529	83.64455651419604	4.533333333333333	83.64455651419604	1.0569887463919563	0.03333333333333333	31.709662391758688
4	318	152.4540861654909	82.66347738001994	4.566666666666666	82.66347738001994	0.9976235300815761	0.03333333333333333	29.928705902447284
1	318	150.08177116821957	15.16102412173443	4.566666666666666	15.16102412173443	1.051070699125645	0.03333333333333333	31.532120973769352
4	319	152.3771837655577	81.59565629507561	4.6	81.59565629507561	1.1469263167990915	0.03333333333333333	34.407789503972744
1	319	149.9820527038189	14.559324544197507	4.6	14.559324544197507	0.3701784443528563	0.03333333333333333	11.10535333058569
4	320	152.36600866627137	80.47719288692632	4.633333333333333	80.47719288692632	1.2524666294755114	0.03333333333333333	37.57399888426534
1	320	150.08281391061678	13.507205528848415	4.633333333333333	13.507205528848415	1.1177168295735453	0.03333333333333333	33.53150488720636
1	321	150.10540504577293	12.89253623246104	4.666666666666667	12.89253623246104	0.376521528949497	0.03333333333333333	11.29564586848491
4	321	152.36558024854943	79.40819781934054	4.666666666666667	79.40819781934054	1.1435020564835003	0.03333333333333333	34.305061694505014
4	322	152.36019691449332	78.42642761442599	4.7	78.42642761442599	0.9637271547912144	0.03333333333333333	28.91181464373643
1	322	150.19763089720638	11.597778095397166	4.7	11.597778095397166	1.6892400384978155	0.03333333333333333	50.677201154934465
4	323	152.49905842848113	77.3737700115362	4.733333333333333	77.3737700115362	1.128036554783694	0.03333333333333333	33.84109664351082
1	323	150.14669893752432	11.135053748567346	4.733333333333333	11.135053748567346	0.21508153905276656	0.03333333333333333	6.452446171582997
4	324	152.38640139399362	76.18781040424626	4.766666666666667	76.18781040424626	1.421641423403891	0.03333333333333333	42.64924270211673
1	324	150.28516496915134	10.17744867871518	4.766666666666667	10.17744867871518	0.9358762283672366	0.03333333333333333	28.076286851017098
4	325	152.48932981357623	75.207478751518	4.8	75.207478751518	0.9715067342130516	0.03333333333333333	29.145202026391548
1	325	150.21718402498792	9.317130828428533	4.8	9.317130828428533	0.7436878551296674	0.03333333333333333	22.31063565389002
4	326	152.47432038476447	73.95795108700648	4.833333333333333	73.95795108700648	1.564976747741715	0.03333333333333333	46.94930243225145
1	326	150.1649178308862	8.577314717405649	4.833333333333333	8.577314717405649	0.5484423650793238	0.03333333333333333	16.453270952379714
4	327	152.4517540627947	73.11054416215407	4.866666666666666	73.11054416215407	0.7174389409459851	0.03333333333333333	21.523168228379554
1	327	150.18121081076632	7.6309383680805185	4.866666666666666	7.6309383680805185	0.8954086168004676	0.03333333333333333	26.862258504014026
4	328	152.73923583183125	72.05621857368695	4.9	72.05621857368695	1.1952930102827917	0.03333333333333333	35.85879030848375
1	328	150.2011271465131	7.041039483686514	4.9	7.041039483686514	0.34657241026988206	0.03333333333333333	10.397172308096462
1	329	150.26838591679282	6.282025816280584	4.933333333333334	6.282025816280584	0.5790725984144884	0.03333333333333333	17.372177952434654
4	329	152.67025810932208	71.2068502001158	4.933333333333334	71.2068502001158	0.725040903100052	0.03333333333333333	21.75122709300156
4	330	152.88197819851771	70.16144760084164	4.966666666666667	70.16144760084164	1.1384152023463083	0.03333333333333333	34.15245607038925
1	330	150.23745351921437	4.956309978917479	4.966666666666667	4.956309978917479	1.7633756582275038	0.03333333333333333	52.901269746825115
4	331	152.65266605891318	69.3156431177064	5.0	69.3156431177064	0.766971162860835	0.03333333333333333	23.009134885825052
1	331	150.35722742177842	3.098375699865916	5.0	3.098375699865916	3.4875566681073025	0.03333333333333333	104.62670004321907
4	332	152.8049198809437	68.1165648426202	5.033333333333333	68.1165648426202	1.4637008546070627	0.03333333333333333	43.91102563821188
1	332	150.0	0.0	5.033333333333333	0.0	9.8371711477607	0.03333333333333333	295.115134432821
4	333	153.11461843763018	66.91182334365847	5.066666666666666	66.91182334365847	1.5506461537877363	0.03333333333333333	46.51938461363209
1	333	150.0	0.0	5.066666666666666	0.0	0.0	0.03333333333333333	0.0
1	334	150.0	0.0	5.1	0.0	0.0	0.03333333333333333	0.0
4	334	152.9173285910679	65.97242107889294	5.1	65.97242107889294	0.9210284097219644	0.03333333333333333	27.630852291658933
