id	FRAME	POSITION_X	POSITION_Y	t	y	delta_r	delta_t	v
2	424	139.86041329566643	198.7288589618061	0.0	198.7288589618061	0.0	0.03333333333333333	0.0
4	424	139.87923530379842	223.5133557424434	0.0	223.5133557424434	0.0	0.03333333333333333	0.0
2	425	139.9824471929237	198.3969767039221	0.03333333333333333	198.3969767039221	0.12376398398852168	0.03333333333333333	3.7129195196556504
4	425	139.98256711109983	223.360811384915	0.03333333333333333	223.360811384915	0.03338620379593035	0.03333333333333333	1.0015861138779105
2	426	139.83921921084183	198.47367620289953	0.06666666666666667	198.47367620289953	0.025928658087065327	0.03333333333333333	0.7778597426119598
4	426	139.95878861477908	223.06239704264732	0.06666666666666667	223.06239704264732	0.08855793163986521	0.03333333333333333	2.656737949195956
2	427	139.9851425711011	198.07216893002322	0.1	198.07216893002322	0.18097885948399797	0.03333333333333333	5.4293657845199395
4	427	139.9936790259971	222.8476475948648	0.1	222.8476475948648	0.04662867292340164	0.03333333333333333	1.3988601877020492
2	428	139.91607392050958	197.9623120452472	0.13333333333333333	197.9623120452472	0.016503620243334426	0.03333333333333333	0.49510860730003275
4	428	140.17829674612778	222.53238457180802	0.13333333333333333	222.53238457180802	0.13215688931523467	0.03333333333333333	3.96470667945704
2	429	139.84994633831323	197.6598824508755	0.16666666666666666	197.6598824508755	0.09473574862047474	0.03333333333333333	2.842072458614242
4	429	140.0908150546837	222.07060587582677	0.16666666666666666	222.07060587582677	0.21925551544068103	0.03333333333333333	6.577665463220431
2	430	139.92713610555265	197.00177367852902	0.2	197.00177367852902	0.43728872202643854	0.03333333333333333	13.118661660793157
4	430	140.24572076798148	221.35648705501	0.2	221.35648705501	0.532313638880023	0.03333333333333333	15.969409166400691
4	431	140.28174068854463	220.92666096739262	0.23333333333333334	220.92666096739262	0.18451294324015322	0.03333333333333333	5.535388297204596
2	431	139.91665430320768	196.3475126531456	0.23333333333333334	196.3475126531456	0.42638196671889234	0.03333333333333333	12.79145900156677
4	432	140.45211057802834	220.497782630121	0.26666666666666666	220.497782630121	0.21134613714305298	0.03333333333333333	6.34038411429159
2	432	139.860163020555	196.10345909377347	0.26666666666666666	196.10345909377347	0.06190336793344985	0.03333333333333333	1.8571010380034956
4	433	140.29460760991682	219.98695393868027	0.3	219.98695393868027	0.28399529032426835	0.03333333333333333	8.51985870972805
2	433	139.92088030360893	195.77761956620702	0.3	195.77761956620702	0.10866923965577109	0.03333333333333333	3.2600771896731326
4	434	140.30052484474743	219.39966631710084	0.3333333333333333	219.39966631710084	0.3431378671214615	0.03333333333333333	10.294136013643845
2	434	139.7093058920851	195.3792361696192	0.3333333333333333	195.3792361696192	0.20188335994044698	0.03333333333333333	6.05650079821341
2	435	139.71197120482503	194.920014038047	0.36666666666666664	194.920014038047	0.20928132219489196	0.03333333333333333	6.278439665846759
4	435	140.23055070964614	218.8701248853933	0.36666666666666664	218.8701248853933	0.28355321837322767	0.03333333333333333	8.50659655119683
2	436	139.69415567769528	194.62922822296082	0.4	194.62922822296082	0.08384874011135324	0.03333333333333333	2.515462203340597
4	436	140.0696628228451	218.2817236560569	0.4	218.2817236560569	0.37029321438172336	0.03333333333333333	11.108796431451701
2	437	139.61166848880572	194.35002043423088	0.43333333333333335	194.35002043423088	0.08373689516376716	0.03333333333333333	2.5121068549130148
4	437	140.06156928670634	218.04844063469173	0.43333333333333335	218.04844063469173	0.05371102871610263	0.03333333333333333	1.6113308614830788
2	438	139.67009849913043	194.25087721080288	0.4666666666666667	194.25087721080288	0.012964317738189925	0.03333333333333333	0.38892953214569775
4	438	140.06006633661718	217.82685503788122	0.4666666666666667	217.82685503788122	0.048378813649286666	0.03333333333333333	1.4513644094786
4	439	139.93886622320898	217.5946247067017	0.5	217.5946247067017	0.06772069476209482	0.03333333333333333	2.0316208428628446
2	439	139.54088005184207	194.14823631480647	0.5	194.14823631480647	0.02675343147373831	0.03333333333333333	0.8026029442121493
2	440	139.57886337706782	193.8538221126674	0.5333333333333333	193.8538221126674	0.08707428763484544	0.03333333333333333	2.6122286290453633
4	440	140.04359662988952	217.19727894548362	0.5333333333333333	217.19727894548362	0.16737904281942625	0.03333333333333333	5.021371284582788
4	441	140.0624493691887	216.77323065203916	0.5666666666666667	216.77323065203916	0.17865765436436198	0.03333333333333333	5.359729630930859
2	441	139.47836826863923	193.54019759152598	0.5666666666666667	193.54019759152598	0.10727922175346162	0.03333333333333333	3.218376652603849
2	442	139.5584735555346	193.45787975026482	0.6	193.45787975026482	0.012914775904076177	0.03333333333333333	0.3874432771222853
4	442	140.0026923888437	216.5261955740076	0.6	216.5261955740076	0.06373130466550529	0.03333333333333333	1.9119391399651589
4	443	140.10912459774244	216.2731096647738	0.6333333333333333	216.2731096647738	0.07442640201218126	0.03333333333333333	2.232792060365438
2	443	139.57375460139778	193.24720097905083	0.6333333333333333	193.24720097905083	0.04394077429670457	0.03333333333333333	1.3182232289011373
2	444	139.65039706284549	193.27580628433293	0.6666666666666666	193.27580628433293	0.0065292883029556955	0.03333333333333333	0.19587864908867086
4	444	140.07871338395069	216.01288635025048	0.6666666666666666	216.01288635025048	0.06774114579504333	0.03333333333333333	2.0322343738513
2	445	139.51186577788354	192.94291377385974	0.7	192.94291377385974	0.12870828563479111	0.03333333333333333	3.8612485690437333
4	445	140.0704979901177	215.4098502536093	0.7	215.4098502536093	0.3619124208877631	0.03333333333333333	10.857372626632893
4	446	140.09470742982643	215.3991159542785	0.7333333333333333	215.3991159542785	0.0006766749205481893	0.03333333333333333	0.02030024761644568
2	446	139.6839613194648	192.68080082903808	0.7333333333333333	192.68080082903808	0.09720302734554989	0.03333333333333333	2.9160908203664966
4	447	139.86025257739024	215.04660235312167	0.7666666666666666	215.04660235312167	0.17772350432527295	0.03333333333333333	5.3317051297581886
2	447	139.75352705013526	192.25165179966208	0.7666666666666666	192.25165179966208	0.18746347712621061	0.03333333333333333	5.623904313786318
2	448	139.78388536590955	192.1527119134567	0.8	192.1527119134567	0.010474024956860678	0.03333333333333333	0.31422074870582034
4	448	139.88164104435927	214.99215496019002	0.8	214.99215496019002	0.0033276037527592128	0.03333333333333333	0.09982811258277638
2	449	139.70321720464503	192.18808382189502	0.8333333333333334	192.18808382189502	0.007575021256636324	0.03333333333333333	0.2272506376990897
4	449	139.74047609493752	214.655330447386	0.8333333333333334	214.655330447386	0.1320611888839583	0.03333333333333333	3.961835666518749
4	450	139.91770672326118	214.1615413022414	0.8666666666666667	214.1615413022414	0.273494736657974	0.03333333333333333	8.20484209973922
2	450	139.81521924567187	191.91290074790774	0.8666666666666667	191.91290074790774	0.08722097617253761	0.03333333333333333	2.6166292851761286
4	451	140.05081307035786	213.96828178144912	0.9	213.96828178144912	0.054285673733144066	0.03333333333333333	1.628570211994322
2	451	139.7209205026193	191.57620491489612	0.9	191.57620491489612	0.12099715054477679	0.03333333333333333	3.629914516343304
2	452	139.7094307367733	191.45290866621121	0.9333333333333333	191.45290866621121	0.015021633101946165	0.03333333333333333	0.45064899305838496
4	452	140.033406702856	213.70994044389212	0.9333333333333333	213.70994044389212	0.06615662924062382	0.03333333333333333	1.9846988772187146
2	453	139.77491868942934	191.18934984720318	0.9666666666666667	191.18934984720318	0.07281080499601543	0.03333333333333333	2.184324149880463
4	453	140.0666326008888	213.43610320860768	0.9666666666666667	213.43610320860768	0.0751313823220848	0.03333333333333333	2.253941469662544
2	454	139.78658935198962	191.06894719921183	1.0	191.06894719921183	0.014331630189396751	0.03333333333333333	0.4299489056819025
4	454	140.20258644989843	213.17905885235038	1.0	213.17905885235038	0.08353250673876098	0.03333333333333333	2.5059752021628294
4	455	140.02232116356222	212.9705712474271	1.0333333333333332	212.9705712474271	0.07500423836877991	0.03333333333333333	2.2501271510633973
2	455	139.85212618291894	190.89399256032615	1.0333333333333332	190.89399256032615	0.03433204806030162	0.03333333333333333	1.0299614418090486
4	456	140.0013320963596	212.8082151023521	1.0666666666666667	212.8082151023521	0.026326462747284497	0.03333333333333333	0.7897938824185349
2	456	139.76536300205782	190.93080121168808	1.0666666666666667	190.93080121168808	0.008678417101538315	0.03333333333333333	0.2603525130461495
2	457	139.8913667235165	190.7111813833102	1.1	190.7111813833102	0.06324805894497017	0.03333333333333333	1.897441768349105
4	457	140.08995463304936	212.42383132299355	1.1	212.42383132299355	0.15418527452114145	0.03333333333333333	4.6255582356342435
4	458	140.16965829769106	211.8209117377137	1.1333333333333333	211.8209117377137	0.3680569305702847	0.03333333333333333	11.04170791710854
2	458	139.85972253381928	190.43631820852318	1.1333333333333333	190.43631820852318	0.07558815187618632	0.03333333333333333	2.26764455628559
2	459	139.91880706820234	190.12333914811973	1.1666666666666667	190.12333914811973	0.10030977487838615	0.03333333333333333	3.0092932463515845
4	459	140.0485575343187	211.6609091956624	1.1666666666666667	211.6609091956624	0.0396340513791299	0.03333333333333333	1.189021541373897
4	460	140.0824659788805	211.4830625448028	1.2	211.4830625448028	0.03223191819278009	0.03333333333333333	0.9669575457834026
2	460	139.898609282899	189.95640452028252	1.2	189.95640452028252	0.027782789836448593	0.03333333333333333	0.8334836950934578
2	461	139.9164260726001	189.68551565410027	1.2333333333333334	189.68551565410027	0.07275752203038788	0.03333333333333333	2.1827256609116366
4	461	140.16595867996537	211.06366401283162	1.2333333333333334	211.06366401283162	0.18134204306343396	0.03333333333333333	5.440261291903019
2	462	139.8655719595794	189.47418137763768	1.2666666666666666	189.47418137763768	0.0465431932735335	0.03333333333333333	1.396295798206005
4	462	140.22082023615783	210.74563503459603	1.2666666666666666	210.74563503459603	0.1029981506190908	0.03333333333333333	3.0899445185727243
2	463	139.93418229406245	189.22501821483144	1.3	189.22501821483144	0.06590518363020355	0.03333333333333333	1.9771555089061064
4	463	140.15877961459987	210.7293516774617	1.3	210.7293516774617	0.004004345837955747	0.03333333333333333	0.1201303751386724
2	464	139.89143658966478	189.04120169409148	1.3333333333333333	189.04120169409148	0.03503537423211113	0.03333333333333333	1.051061226963334
4	464	140.07343547736752	210.383119496156	1.3333333333333333	210.383119496156	0.12587503430216043	0.03333333333333333	3.776251029064813
4	465	140.04290429623808	210.03734313385536	1.3666666666666667	210.03734313385536	0.11924388413844257	0.03333333333333333	3.5773165241532774
2	465	139.86135251987605	188.75439620480202	1.3666666666666667	188.75439620480202	0.08214982157125215	0.03333333333333333	2.4644946471375646
4	466	140.04151147315494	210.1018563904612	1.4	210.1018563904612	0.004052972170310197	0.03333333333333333	0.1215891651093059
2	466	139.98308931111052	188.64256762446712	1.4	188.64256762446712	0.026845164201832927	0.03333333333333333	0.8053549260549878
4	467	139.99725904013025	209.60175471851085	1.4333333333333333	209.60175471851085	0.250354604127735	0.03333333333333333	7.5106381238320505
2	467	139.79336088785058	188.50329840034343	1.4333333333333333	188.50329840034343	0.05460888580690731	0.03333333333333333	1.6382665742072193
4	468	140.02799821696962	209.4373049789352	1.4666666666666666	209.4373049789352	0.02749989215605945	0.03333333333333333	0.8249967646817835
2	468	139.935546346469	187.85132272687758	1.4666666666666666	187.85132272687758	0.44351785576879194	0.03333333333333333	13.305535673063758
4	469	140.17594574188698	209.21999784077232	1.5	209.21999784077232	0.06820712530819528	0.03333333333333333	2.0462137592458585
2	469	139.65177370972089	187.98319816222897	1.5	187.98319816222897	0.09680360954933259	0.03333333333333333	2.904108286479978
4	470	140.1318622830468	209.0188582846601	1.5333333333333332	209.0188582846601	0.04174542818035547	0.03333333333333333	1.2523628454106641
2	470	139.8129282934408	187.43939688925744	1.5333333333333332	187.43939688925744	0.31989832954593256	0.03333333333333333	9.596949886377978
2	471	139.71046987155648	187.51734113892368	1.5666666666666667	187.51734113892368	0.016241664656962054	0.03333333333333333	0.4872499397088616
4	471	140.2138448649969	208.7805257193297	1.5666666666666667	208.7805257193297	0.06266685177991241	0.03333333333333333	1.8800055533973723
4	472	140.13452922789662	208.47848956931546	1.6	208.47848956931546	0.09640499246768436	0.03333333333333333	2.8921497740305306
2	472	139.73880178010089	187.35121060232825	1.6	187.35121060232825	0.02790812719170539	0.03333333333333333	0.8372438157511617
4	473	140.16178790120782	208.0995027665793	1.6333333333333333	208.0995027665793	0.1430041378380306	0.03333333333333333	4.290124135140918
2	473	139.79285048764908	186.88342082964013	1.6333333333333333	186.88342082964013	0.22010928907297728	0.03333333333333333	6.603278672189318
2	474	139.7437073015607	186.86946887715047	1.6666666666666667	186.86946887715047	0.002534346275310278	0.03333333333333333	0.07603038825930834
4	474	140.38322864609327	207.87962560830525	1.6666666666666667	207.87962560830525	0.09627103560925232	0.03333333333333333	2.88813106827757
2	475	139.6545090131086	186.7062052345806	1.7	186.7062052345806	0.034042585290871785	0.03333333333333333	1.0212775587261536
4	475	140.34202376538795	207.59414719436612	1.7	207.59414719436612	0.08218290505297028	0.03333333333333333	2.4654871515891084
4	476	140.34816501819523	207.27792549790368	1.7333333333333334	207.27792549790368	0.09890578053804738	0.03333333333333333	2.9671734161414216
2	476	139.63521023210438	186.3787718690144	1.7333333333333334	186.3787718690144	0.10640994045937452	0.03333333333333333	3.1922982137812355
2	477	139.65531264199743	186.06508161212275	1.7666666666666666	186.06508161212275	0.0976854939105808	0.03333333333333333	2.9305648173174244
4	477	140.34997230462798	206.99562813654643	1.7666666666666666	206.99562813654643	0.07870815389783521	0.03333333333333333	2.3612446169350565
4	478	140.26345218347106	206.65089762879342	1.8	206.65089762879342	0.12504392781127038	0.03333333333333333	3.7513178343381117
2	478	139.41466198482843	185.90792432660209	1.8	185.90792432660209	0.0816025718181345	0.03333333333333333	2.448077154544035
4	479	140.3933720174526	206.37052253289943	1.8333333333333333	206.37052253289943	0.0943908895991528	0.03333333333333333	2.831726687974584
2	479	139.42146855064897	185.8005290024429	1.8333333333333333	185.8005290024429	0.011328523355273784	0.03333333333333333	0.3398557006582135
4	480	140.48588381172178	205.93847887222213	1.8666666666666667	205.93847887222213	0.19365542904978536	0.03333333333333333	5.809662871493561
2	480	139.41396356006322	185.47829587437732	1.8666666666666667	185.47829587437732	0.10273806954771225	0.03333333333333333	3.0821420864313676
4	481	140.44853729819056	205.85093279325375	1.9	205.85093279325375	0.008851569695216988	0.03333333333333333	0.2655470908565096
2	481	139.46210386158896	185.44601782289436	1.9	185.44601782289436	0.0032664098860754657	0.03333333333333333	0.09799229658226397
4	482	140.43539414716918	205.60431388527599	1.9333333333333333	205.60431388527599	0.06015899875778808	0.03333333333333333	1.8047699627336424
2	482	139.3567195081327	185.12359698151292	1.9333333333333333	185.12359698151292	0.11384196104015913	0.03333333333333333	3.415258831204774
4	483	140.37686818160276	205.5654761497166	1.9666666666666666	205.5654761497166	0.004806238092791708	0.03333333333333333	0.14418714278375125
2	483	139.2372624340958	184.92335852131333	1.9666666666666666	184.92335852131333	0.053591124318915766	0.03333333333333333	1.607733729567473
2	484	139.32025228449544	184.69978909766726	2.0	184.69978909766726	0.05607305551415193	0.03333333333333333	1.6821916654245581
4	484	140.36617410038158	205.12097256162357	2.0	205.12097256162357	0.1961254009312626	0.03333333333333333	5.883762027937878
2	485	139.2466457862059	184.6490437039417	2.033333333333333	184.6490437039417	0.00780510739527565	0.03333333333333333	0.2341532218582695
4	485	140.5429475649016	204.7747175741608	2.033333333333333	204.7747175741608	0.14974105454942774	0.03333333333333333	4.492231636482832
2	486	139.32685548773287	184.0726550247838	2.0666666666666664	184.0726550247838	0.33685596096708653	0.03333333333333333	10.105678829012597
4	486	140.53969022864024	204.33022853706984	2.0666666666666664	204.33022853706984	0.19600907007099452	0.03333333333333333	5.880272102129836
2	487	139.26529981450318	184.11562266679744	2.1	184.11562266679744	0.00549337453508486	0.03333333333333333	0.1648012360525458
4	487	140.56021772944888	204.3937041062703	2.1	204.3937041062703	0.00433338310695671	0.03333333333333333	0.1300014932087013
4	488	140.50113803632786	204.04721804093683	2.1333333333333333	204.04721804093683	0.12227687123185023	0.03333333333333333	3.668306136955507
2	488	139.2712589828871	183.75336547389327	2.1333333333333333	183.75336547389327	0.1299593186427024	0.03333333333333333	3.8987795592810723
4	489	140.36083372957208	203.8889085450636	2.1666666666666665	203.8889085450636	0.044067588876783005	0.03333333333333333	1.3220276663034902
2	489	139.32823955026095	183.47262846569214	2.1666666666666665	183.47262846569214	0.08105552904807288	0.03333333333333333	2.4316658714421866
4	490	140.5186806501931	203.48594029881812	2.2	203.48594029881812	0.18575991147794613	0.03333333333333333	5.572797344338384
2	490	139.23854362386828	183.5161309363615	2.2	183.5161309363615	0.009714616682091953	0.03333333333333333	0.2914385004627586
4	491	140.5202239681723	203.1380754070066	2.2333333333333334	203.1380754070066	0.11975995702331382	0.03333333333333333	3.5927987106994146
2	491	139.30644816862912	183.25947010438662	2.2333333333333334	183.25947010438662	0.06957084408349107	0.03333333333333333	2.087125322504732
2	492	139.2197669702178	183.18371154188011	2.2666666666666666	183.18371154188011	0.012973707698854808	0.03333333333333333	0.38921123096564425
4	492	140.5908654263592	202.95636668382008	2.2666666666666666	202.95636668382008	0.03740093309696102	0.03333333333333333	1.1220279929088306
2	493	139.2605277278302	183.0088079230637	2.3	183.0088079230637	0.031711680624983266	0.03333333333333333	0.951350418749498
4	493	140.40432737258402	202.7498188090953	2.3	202.7498188090953	0.07648852810748462	0.03333333333333333	2.2946558432245387
4	494	140.48547555171257	202.4938919086488	2.3333333333333335	202.4938919086488	0.07115575545125673	0.03333333333333333	2.134672663537702
2	494	139.14738849631348	182.85588887896347	2.3333333333333335	182.85588887896347	0.035597893166080974	0.03333333333333333	1.0679367949824292
4	495	140.51214240588996	202.28597999700818	2.3666666666666667	202.28597999700818	0.04326727297373176	0.03333333333333333	1.2980181892119527
2	495	139.30760949960788	182.4099164374382	2.3666666666666667	182.4099164374382	0.22291598916619967	0.03333333333333333	6.68747967498599
2	496	139.27365010741306	182.37124784761542	2.4	182.37124784761542	0.0025722034696398074	0.03333333333333333	0.07716610408919422
4	496	140.48548128816594	202.1073352577509	2.4	202.1073352577509	0.03207929488580441	0.03333333333333333	0.9623788465741323
4	497	140.55250410109227	201.68832731653401	2.433333333333333	201.68832731653401	0.17854538270050754	0.03333333333333333	5.3563614810152265
2	497	139.165639569295	182.12141745782188	2.433333333333333	182.12141745782188	0.07313778280950647	0.03333333333333333	2.194133484285194
4	498	140.5055455163068	201.49962853174137	2.466666666666667	201.49962853174137	0.037207181045676885	0.03333333333333333	1.1162154313703065
2	498	139.26527173929642	181.6267698668284	2.466666666666667	181.6267698668284	0.25289275305267556	0.03333333333333333	7.586782591580267
2	499	139.2166774674567	181.50323870765817	2.5	181.50323870765817	0.017274238847385086	0.03333333333333333	0.5182271654215526
4	499	140.41702827184437	201.26185351461518	2.5	201.26185351461518	0.06350826372720862	0.03333333333333333	1.9052479118162586
2	500	139.3294049560918	181.2194734126627	2.533333333333333	181.2194734126627	0.09214688033837463	0.03333333333333333	2.764406410151239
4	500	140.50153760273932	201.186102270848	2.533333333333333	201.186102270848	0.012606881477010267	0.03333333333333333	0.37820644431030803
4	501	140.52610848685492	200.6295935777794	2.5666666666666664	200.6295935777794	0.3085220222603836	0.03333333333333333	9.255660667811508
2	501	139.25656340392288	181.0018204237543	2.5666666666666664	181.0018204237543	0.05192036785936487	0.03333333333333333	1.5576110357809463
4	502	140.5260754829777	200.29123369069802	2.6	200.29123369069802	0.11327160341812698	0.03333333333333333	3.3981481025438094
2	502	139.30308353408938	180.6625076028973	2.6	180.6625076028973	0.11606552455436514	0.03333333333333333	3.481965736630954
2	503	139.29185724105426	180.52746921339954	2.6333333333333333	180.52746921339954	0.018003355059680853	0.03333333333333333	0.5401006517904255
4	503	140.67554956002311	199.86767582757787	2.6333333333333333	199.86767582757787	0.20015915547678723	0.03333333333333333	6.004774664303617
2	504	139.38067890836842	180.21505491531747	2.6666666666666665	180.21505491531747	0.10432963486496964	0.03333333333333333	3.1298890459490893
4	504	140.6824888549977	199.56903263681488	2.6666666666666665	199.56903263681488	0.08817995156879821	0.03333333333333333	2.6453985470639463
4	505	140.63259709272972	199.3755196250421	2.7	199.3755196250421	0.03930790112033421	0.03333333333333333	1.1792370336100262
2	505	139.31038267066478	180.00785773582646	2.7	180.00785773582646	0.047160844732910163	0.03333333333333333	1.414825341987305
2	506	139.24535594818337	179.98192842711222	2.7333333333333334	179.98192842711222	0.004774074821222164	0.03333333333333333	0.1432222446366649
4	506	140.54297638670144	199.29121165971046	2.7333333333333334	199.29121165971046	0.014830383179572273	0.03333333333333333	0.4449114953871682
4	507	140.5192377613213	198.5437008581712	2.7666666666666666	198.5437008581712	0.5577373247506459	0.03333333333333333	16.732119742519377
2	507	139.30070876016063	179.6334296245981	2.7666666666666666	179.6334296245981	0.12324401119959007	0.03333333333333333	3.697320335987702
4	508	140.55022542161092	198.48050564760482	2.8	198.48050564760482	0.004826024671066999	0.03333333333333333	0.14478074013200998
2	508	139.32189558324347	179.46637987965232	2.8	179.46637987965232	0.027861170708609738	0.03333333333333333	0.8358351212582922
4	509	140.52555484731158	198.2279752509829	2.8333333333333335	198.2279752509829	0.06351617254833808	0.03333333333333333	1.9054851764501424
2	509	139.34784097537602	179.26423509031753	2.8333333333333335	179.26423509031753	0.040889844199819905	0.03333333333333333	1.2266953259945972
2	510	139.24093184253314	179.27314936760558	2.8666666666666667	179.27314936760558	0.011258667648506832	0.03333333333333333	0.33776002945520495
4	510	140.5838015774674	197.92485918444888	2.8666666666666667	197.92485918444888	0.09417500627704413	0.03333333333333333	2.825250188311324
4	511	140.5765150554041	197.80004055467302	2.9	197.80004055467302	0.015315806673788	0.03333333333333333	0.45947420021364005
2	511	139.35169127676346	178.65968522987663	2.9	178.65968522987663	0.3868007015565411	0.03333333333333333	11.604021046696234
2	512	139.4321070177551	178.49792118311797	2.933333333333333	178.49792118311797	0.032088721758643024	0.03333333333333333	0.9626616527592907
4	512	140.54518892113936	197.43575466076047	2.933333333333333	197.43575466076047	0.13236689899727846	0.03333333333333333	3.971006969918354
2	513	139.39419072606765	178.4639686803195	2.966666666666667	178.4639686803195	0.002515519351057367	0.03333333333333333	0.07546558053172102
4	513	140.66764194213093	197.06341066328216	2.966666666666667	197.06341066328216	0.15222364328466254	0.03333333333333333	4.566709298539876
4	514	140.69309195041572	196.7411153140604	3.0	196.7411153140604	0.10336563159072824	0.03333333333333333	3.100968947721847
2	514	139.4225641467868	178.0191804263546	3.0	178.0191804263546	0.19706635627315378	0.03333333333333333	5.911990688194614
2	515	139.50716598267593	177.70586747827252	3.033333333333333	177.70586747827252	0.10416116925135221	0.03333333333333333	3.1248350775405664
4	515	140.6277368471466	196.4050488561951	3.033333333333333	196.4050488561951	0.1159806457403494	0.03333333333333333	3.479419372210482
4	516	140.63536062665506	195.96856525159373	3.0666666666666664	195.96856525159373	0.18902613397819507	0.03333333333333333	5.670784019345852
2	516	139.34166321949846	177.65697968947526	3.0666666666666664	177.65697968947526	0.029270107739630697	0.03333333333333333	0.878103232188921
4	517	140.6275275393981	195.7362498895247	3.1	195.7362498895247	0.05326061241084753	0.03333333333333333	1.5978183723254258
2	517	139.57184007884666	177.2489765537367	3.1	177.2489765537367	0.21781451656961903	0.03333333333333333	6.534435497088571
2	518	139.41547866499457	177.2153151811124	3.1333333333333333	177.2153151811124	0.025124151227011858	0.03333333333333333	0.7537245368103558
4	518	140.74080447108963	195.28057456510825	3.1333333333333333	195.28057456510825	0.21883563301868364	0.03333333333333333	6.565068990560509
2	519	139.44132944844785	177.10913163453418	3.1666666666666665	177.10913163453418	0.011685535798729371	0.03333333333333333	0.35056607396188116
4	519	140.65581227435678	195.22094410738126	3.1666666666666665	195.22094410738126	0.010541574666022657	0.03333333333333333	0.3162472399806797
2	520	139.617050520904	176.49244828074086	3.2	176.49244828074086	0.4093800462241177	0.03333333333333333	12.281401386723532
4	520	140.63310095520828	194.69883319821037	3.2	194.69883319821037	0.2713750243527204	0.03333333333333333	8.14125073058161
2	521	139.43600770293222	176.38949866881813	3.2333333333333334	176.38949866881813	0.04270980424565221	0.03333333333333333	1.2812941273695664
4	521	140.6766519390693	194.6599271320154	3.2333333333333334	194.6599271320154	0.0033162536247725023	0.03333333333333333	0.09948760874317507
2	522	139.53460388963498	176.25804157213483	3.2666666666666666	176.25804157213483	0.02652599031482728	0.03333333333333333	0.7957797094448185
4	522	140.58807075875654	194.22721139503327	3.2666666666666666	194.22721139503327	0.19352521564762484	0.03333333333333333	5.805756469428745
4	523	140.59661482437636	194.1420696771399	3.3	194.1420696771399	0.007146893671636464	0.03333333333333333	0.21440681014909393
2	523	139.68086518898198	175.81999258464995	3.3	175.81999258464995	0.21166203835877587	0.03333333333333333	6.349861150763276
4	524	140.64408277845496	193.84368414129682	3.3333333333333335	193.84368414129682	0.09021700373519104	0.03333333333333333	2.706510112055731
2	524	139.59990494144523	175.52007195410238	3.3333333333333335	175.52007195410238	0.09540175391797406	0.03333333333333333	2.862052617539222
4	525	140.43434131152722	193.6545706731708	3.3666666666666667	193.6545706731708	0.07876802075573983	0.03333333333333333	2.363040622672195
2	525	139.61298150667878	175.33241929610702	3.3666666666666667	175.33241929610702	0.03480683275437762	0.03333333333333333	1.0442049826313287
2	526	139.83930388940777	175.05323674281883	3.4	175.05323674281883	0.12786899940244673	0.03333333333333333	3.836069982073402
4	526	140.341613925674	193.31690254399743	3.4	193.31690254399743	0.12135698736439189	0.03333333333333333	3.640709620931757
2	527	139.65326371369665	174.93741517030216	3.433333333333333	174.93741517030216	0.047312662728354056	0.03333333333333333	1.4193798818506218
4	527	140.47469115253588	192.9441418395695	3.433333333333333	192.9441418395695	0.1552360632174835	0.03333333333333333	4.657081896524505
4	528	140.48538182146044	192.55552118406413	3.466666666666667	192.55552118406413	0.14973998942623187	0.03333333333333333	4.492199682786956
2	528	139.79903227388593	174.75028813291812	3.466666666666667	174.75028813291812	0.05547302154885582	0.03333333333333333	1.6641906464656746
4	529	140.5075659974935	192.48782922492495	3.5	192.48782922492495	0.004943970119226044	0.03333333333333333	0.14831910357678132
2	529	139.82236087913608	174.32444447461307	3.5	174.32444447461307	0.18036631880911866	0.03333333333333333	5.41098956427356
2	530	139.5966216809152	174.27013682351227	3.533333333333333	174.27013682351227	0.05313750527444005	0.03333333333333333	1.5941251582332014
4	530	140.54521344302836	192.29902412449403	3.533333333333333	192.29902412449403	0.03646791476304423	0.03333333333333333	1.0940374428913269
4	531	140.6372745158687	191.78284259420596	3.5666666666666664	191.78284259420596	0.27317539602139124	0.03333333333333333	8.195261880641738
2	531	139.6710793986012	174.05835228425025	3.5666666666666664	174.05835228425025	0.049660312128591275	0.03333333333333333	1.4898093638577383
4	532	140.47517059910714	191.7113415934766	3.6	191.7113415934766	0.030859387460137305	0.03333333333333333	0.9257816238041192
2	532	139.63605524382828	173.5644669093297	3.6	173.5644669093297	0.24345751144738542	0.03333333333333333	7.303725343421562
4	533	140.70304315990148	191.12908299172022	3.6333333333333333	191.12908299172022	0.3891464239838551	0.03333333333333333	11.674392719515653
2	533	139.77709068917477	173.33714994344382	3.6333333333333333	173.33714994344382	0.07064032068247726	0.03333333333333333	2.119209620474318
4	534	140.58971474826802	191.04470431765682	3.6666666666666665	191.04470431765682	0.019581881795731285	0.03333333333333333	0.5874564538719386
2	534	139.75296084705963	173.26193435848668	3.6666666666666665	173.26193435848668	0.006085520202599859	0.03333333333333333	0.18256560607799577
2	535	139.74787460835697	173.09695800873055	3.6999999999999997	173.09695800873055	0.02676380264801268	0.03333333333333333	0.8029140794403804
4	535	140.65319991439233	190.80031407560043	3.6999999999999997	190.80031407560043	0.06289824168287514	0.03333333333333333	1.8869472504862541
4	536	140.65343716693087	190.36799041982042	3.7333333333333334	190.36799041982042	0.18536597229991555	0.03333333333333333	5.560979168997466
2	536	139.86555146129652	172.62959681481288	3.7333333333333334	172.62959681481288	0.23060994866601103	0.03333333333333333	6.918298459980331
4	537	140.4591826833365	190.37110654805144	3.7666666666666666	190.37110654805144	0.037140112652323545	0.03333333333333333	1.1142033795697064
2	537	139.65118598421304	172.51068579574618	3.7666666666666666	172.51068579574618	0.05926574502747921	0.03333333333333333	1.7779723508243763
4	538	140.5767154033843	189.80321761565966	3.8	189.80321761565966	0.3345112597519856	0.03333333333333333	10.035337792559568
2	538	139.81671567883038	172.08036371932224	3.8	172.08036371932224	0.2109618216453465	0.03333333333333333	6.3288546493603945
4	539	140.5918139179865	189.79983396167668	3.8333333333333335	189.79983396167668	0.0002297804982717397	0.03333333333333333	0.006893414948152191
2	539	139.78837350681647	171.99591030627917	3.8333333333333335	171.99591030627917	0.007748826922041448	0.03333333333333333	0.23246480766124344
2	540	139.83177182210957	171.61190188878774	3.8666666666666667	171.61190188878774	0.1479534837110136	0.03333333333333333	4.438604511330408
4	540	140.51517428080064	189.4883425362569	3.8666666666666667	189.4883425362569	0.10175428008185348	0.03333333333333333	3.0526284024556047
2	541	139.873840670517	171.51994896450532	3.9	171.51994896450532	0.009996871263530473	0.03333333333333333	0.2999061379059142
4	541	140.54766001459498	189.101283409285	3.9	189.101283409285	0.14947096174608943	0.03333333333333333	4.484128852382683
2	542	139.9071900314207	171.21826966790496	3.933333333333333	171.21826966790496	0.09104673921587944	0.03333333333333333	2.7314021764763834
4	542	140.525188929882	188.76629566978298	3.933333333333333	188.76629566978298	0.11151613662152657	0.03333333333333333	3.345484098645797
2	543	139.83188438008807	171.12790566051382	3.966666666666667	171.12790566051382	0.013547890027937782	0.03333333333333333	0.4064367008381335
4	543	140.58176634603709	188.4869871305996	3.966666666666667	188.4869871305996	0.08021599978014042	0.03333333333333333	2.4064799934042127
4	544	140.56715050421977	188.06424114558436	4.0	188.06424114558436	0.17741746913933876	0.03333333333333333	5.322524074180163
2	544	139.79389962457805	170.92333178166962	4.0	170.92333178166962	0.04262885169133266	0.03333333333333333	1.2788655507399798
4	545	140.5120137033347	187.79110904798716	4.033333333333333	187.79110904798716	0.07666986929951625	0.03333333333333333	2.3000960789854874
2	545	139.82418922545946	170.5437089823723	4.033333333333333	170.5437089823723	0.14365801519562643	0.03333333333333333	4.309740455868793
4	546	140.4780854046344	187.43543370887488	4.066666666666666	187.43543370887488	0.1263681768168245	0.03333333333333333	3.7910453045047348
2	546	139.8362100152278	170.46229544777833	4.066666666666666	170.46229544777833	0.00660805222090299	0.03333333333333333	0.1982415666270897
2	547	139.84719659168675	170.28241843718098	4.1	170.28241843718098	0.031932743578702814	0.03333333333333333	0.9579823073610845
4	547	140.49743943035065	187.2278207251704	4.1	187.2278207251704	0.04281133348075241	0.03333333333333333	1.2843400044225723
2	548	139.99789983341364	170.08655379867287	4.133333333333333	170.08655379867287	0.06023908148141223	0.03333333333333333	1.807172444442367
4	548	140.3414661480146	187.12254900931742	4.133333333333333	187.12254900931742	0.034831824902965235	0.03333333333333333	1.044954747088957
2	549	139.80161589097293	169.95101865376145	4.166666666666667	169.95101865376145	0.056099371189207395	0.03333333333333333	1.6829811356762219
4	549	140.45600721348112	186.59838317352347	4.166666666666667	186.59838317352347	0.28610901325090704	0.03333333333333333	8.583270397527212
2	550	139.77055906366908	169.71497817293388	4.2	169.71497817293388	0.05588384029754797	0.03333333333333333	1.676515208926439
4	550	140.38360561899935	186.26752794274051	4.2	186.26752794274051	0.1134901021034173	0.03333333333333333	3.404703063102519
4	551	140.31058631572506	186.23237060763157	4.233333333333333	186.23237060763157	0.0064072546573593495	0.03333333333333333	0.1922176397207805
2	551	139.73148713380516	169.35505475574874	4.233333333333333	169.35505475574874	0.12976600202068547	0.03333333333333333	3.8929800606205642
2	552	139.99986785012484	169.06008841150782	4.266666666666667	169.06008841150782	0.15759942501653343	0.03333333333333333	4.727982750496003
4	552	140.3235475433743	185.84241709481608	4.266666666666667	185.84241709481608	0.15082665462749054	0.03333333333333333	4.5247996388247165
2	553	139.7712105464037	168.92286763803315	4.3	168.92286763803315	0.07019365341164249	0.03333333333333333	2.1058096023492747
4	553	140.32148406302906	185.6325547024612	4.3	185.6325547024612	0.04337414527975029	0.03333333333333333	1.3012243583925087
2	554	139.7769090415236	168.6595586702799	4.333333333333333	168.6595586702799	0.06845827029154138	0.03333333333333333	2.0537481087462415
4	554	140.34996731494792	185.23842968875687	4.333333333333333	185.23842968875687	0.15472396268263852	0.03333333333333333	4.641718880479155
2	555	140.0032388819084	168.21685306767603	4.366666666666666	168.21685306767603	0.24551739863238617	0.03333333333333333	7.365521958971585
4	555	140.2431029553129	184.89383128533927	4.366666666666666	184.89383128533927	0.12886717849117693	0.03333333333333333	3.8660153547353078
4	556	140.21775454055512	184.68572742835624	4.4	184.68572742835624	0.0432784287617747	0.03333333333333333	1.298352862853241
2	556	140.0530728118905	168.10630606528886	4.4	168.10630606528886	0.014401568694555498	0.03333333333333333	0.43204706083666494
2	557	140.1408119487441	167.77249801523354	4.433333333333334	167.77249801523354	0.1178839616663536	0.03333333333333333	3.536518849990608
4	557	140.24639639136174	184.34601709396168	4.433333333333334	184.34601709396168	0.11499774524471551	0.03333333333333333	3.4499323573414653
4	558	140.18133399795335	184.0999307853923	4.466666666666667	184.0999307853923	0.06392400514485931	0.03333333333333333	1.9177201543457794
2	558	139.9148551502132	167.49386793774306	4.466666666666667	167.49386793774306	0.12739792048226564	0.03333333333333333	3.821937614467969
4	559	140.03222766551755	183.77638841980487	4.5	183.77638841980487	0.12562834837440373	0.03333333333333333	3.768850451232112
2	559	140.02285110131518	167.36360754612508	4.5	167.36360754612508	0.02813410253645909	0.03333333333333333	0.8440230760937727
4	560	140.00129274466642	183.64998197594326	4.533333333333333	183.64998197594326	0.016598709511769092	0.03333333333333333	0.49796128535307277
2	560	140.09306401674473	167.1462703548033	4.533333333333333	167.1462703548033	0.051411871175472273	0.03333333333333333	1.5423561352641681
2	561	139.96350923945982	167.0737953417174	4.566666666666666	167.0737953417174	0.021626783820121037	0.03333333333333333	0.6488035146036312
4	561	140.08100814594783	183.40373793485765	4.566666666666666	183.40373793485765	0.06610451352800469	0.03333333333333333	1.9831354058401405
2	562	139.91147943755524	166.91031809034158	4.6	166.91031809034158	0.028925151984755672	0.03333333333333333	0.8677545595426702
4	562	140.03176510755122	182.8314117908183	4.6	182.8314117908183	0.3281847404104568	0.03333333333333333	9.845542212313704
2	563	140.02501737215522	166.423213838794	4.633333333333333	166.423213838794	0.24845964942864351	0.03333333333333333	7.453789482859306
4	563	139.92429850817646	182.6846783936187	4.633333333333333	182.6846783936187	0.03252890865081092	0.03333333333333333	0.9758672595243276
4	564	140.04249515779915	182.35019808872246	4.666666666666667	182.35019808872246	0.12456911279401589	0.03333333333333333	3.737073383820477
2	564	139.9097621097293	166.52012018352855	4.666666666666667	166.52012018352855	0.022255587913236376	0.03333333333333333	0.6676676373970912
4	565	139.97075273780584	182.15294120118136	4.7	182.15294120118136	0.043384805938347946	0.03333333333333333	1.3015441781504384
2	565	139.99097379688138	166.2951843983769	4.7	166.2951843983769	0.05639096192429473	0.03333333333333333	1.6917288577288419
4	566	139.962199599982	181.8388092713221	4.733333333333333	181.8388092713221	0.09763218236410674	0.03333333333333333	2.9289654709232025
2	566	140.11806782443256	165.8289449442005	4.733333333333333	165.8289449442005	0.23186489741426483	0.03333333333333333	6.955946922427945
4	567	139.9127321921147	181.59074968088242	4.766666666666667	181.59074968088242	0.06311994655285726	0.03333333333333333	1.8935983965857177
2	567	140.02445598595708	165.62275718170758	4.766666666666667	165.62275718170758	0.05053169125908952	0.03333333333333333	1.5159507377726855
4	568	139.9641921551837	181.12784925436245	4.8	181.12784925436245	0.21529801888180186	0.03333333333333333	6.458940566454056
2	568	140.14899223302777	165.226525469004	4.8	165.226525469004	0.17102192572685326	0.03333333333333333	5.130657771805598
2	569	140.15835953529074	165.00250658916715	4.833333333333333	165.00250658916715	0.04953708904315852	0.03333333333333333	1.4861126712947557
4	569	140.0072104430269	180.8769457100127	4.833333333333333	180.8769457100127	0.06393548176527082	0.03333333333333333	1.9180644529581246
2	570	140.14874684408971	164.94857915145232	4.866666666666666	164.94857915145232	0.002915925608852501	0.03333333333333333	0.08747776826557503
4	570	139.98438333844285	180.5989154287444	4.866666666666666	180.5989154287444	0.07684919309694346	0.03333333333333333	2.305475792908304
2	571	140.16381665432152	164.80158914080255	4.9	164.80158914080255	0.021425693513907686	0.03333333333333333	0.6427708054172306
4	571	139.99490798893564	180.40475239793525	4.9	180.40475239793525	0.03720491732098556	0.03333333333333333	1.116147519629567
2	572	140.00664679020826	164.6528535460901	4.933333333333334	164.6528535460901	0.04612379555206584	0.03333333333333333	1.3837138665619753
4	572	139.9811722534893	180.14771161274842	4.933333333333334	180.14771161274842	0.06537862088531413	0.03333333333333333	1.9613586265594238
4	573	140.05445941892114	179.8368672298295	4.966666666666667	179.8368672298295	0.10085467120271868	0.03333333333333333	3.0256401360815603
2	573	140.0069913306553	164.18424995323525	4.966666666666667	164.18424995323525	0.2179556560118436	0.03333333333333333	6.538669680355309
2	574	139.9620912577098	164.1133558981069	5.0	164.1133558981069	0.006872146934186598	0.03333333333333333	0.20616440802559793
4	574	140.03790017619085	179.6195102568613	5.0	179.6195102568613	0.04681042336668486	0.03333333333333333	1.4043127010005458
4	575	139.99914054907936	179.32690933333203	5.033333333333333	179.32690933333203	0.08607653043888316	0.03333333333333333	2.582295913166495
2	575	139.9994531885748	163.57589043532369	5.033333333333333	163.57589043532369	0.28850169929784136	0.03333333333333333	8.655050978935241
2	576	139.98009479295192	163.2236661391739	5.066666666666666	163.2236661391739	0.1231657839900912	0.03333333333333333	3.694973519702736
4	576	140.13112743588283	178.9583917149041	5.066666666666666	178.9583917149041	0.15181638504059825	0.03333333333333333	4.554491551217947
4	577	140.03496764384934	178.60223029679364	5.1	178.60223029679364	0.13476709989690236	0.03333333333333333	4.043012996907071
2	577	140.00478188648034	163.1638936897391	5.1	163.1638936897391	0.0040708706975023795	0.03333333333333333	0.12212612092507139
2	578	139.9390167477375	162.86385040808952	5.133333333333333	162.86385040808952	0.09326014141194859	0.03333333333333333	2.797804242358458
4	578	140.02927422017424	178.41532420837714	5.133333333333333	178.41532420837714	0.03439343037277137	0.03333333333333333	1.0318029111831413
2	579	139.90736223138114	162.67743392011326	5.166666666666667	162.67743392011326	0.035171209278688255	0.03333333333333333	1.0551362783606477
4	579	139.94245301133463	178.1868481530608	5.166666666666667	178.1868481530608	0.058915734378068345	0.03333333333333333	1.7674720313420504
4	580	140.04221262417514	178.04847622927434	5.2	178.04847622927434	0.028596142043793717	0.03333333333333333	0.8578842613138115
2	580	139.97124492114702	162.6653572516717	5.2	162.6653572516717	0.004114543151589039	0.03333333333333333	0.12343629454767117
4	581	140.12510147000086	177.55211521724135	5.233333333333333	177.55211521724135	0.25153725364840523	0.03333333333333333	7.546117609452157
2	581	139.83670693983842	162.4052246039017	5.233333333333333	162.4052246039017	0.08473798433535457	0.03333333333333333	2.542139530060637
2	582	139.83721204062874	162.09726437451494	5.266666666666667	162.09726437451494	0.09374561028712475	0.03333333333333333	2.8123683086137423
4	582	140.28879288169557	177.41161899949742	5.266666666666667	177.41161899949742	0.04583616131978421	0.03333333333333333	1.3750848395935265
4	583	140.17778868184604	177.09025358018124	5.3	177.09025358018124	0.11437550129787466	0.03333333333333333	3.43126503893624
2	583	139.85069655927836	161.8164265914491	5.3	161.8164265914491	0.0780696299400519	0.03333333333333333	2.342088898201557
2	584	139.88958548349274	161.63731400115103	5.333333333333333	161.63731400115103	0.03303676829703119	0.03333333333333333	0.9911030489109358
4	584	140.28793034674112	176.74625661571517	5.333333333333333	176.74625661571517	0.12916270710853073	0.03333333333333333	3.874881213255922
2	585	139.77984180208009	161.49970785965326	5.366666666666666	161.49970785965326	0.030453410836697472	0.03333333333333333	0.9136023251009242
4	585	140.3183604632091	176.22169575221432	5.366666666666666	176.22169575221432	0.27434519256043705	0.03333333333333333	8.230355776813111
2	586	139.84912589751363	161.09958248052115	5.4	161.09958248052115	0.16344294149896624	0.03333333333333333	4.903288244968987
4	586	140.30804151425258	176.07270955319362	5.4	176.07270955319362	0.02188942142968381	0.03333333333333333	0.6566826428905143
2	587	139.7002703152796	160.945602381467	5.433333333333334	160.945602381467	0.0451767334827266	0.03333333333333333	1.355302004481798
4	587	140.426497018925	175.62308929285382	5.433333333333334	175.62308929285382	0.2145650958875872	0.03333333333333333	6.4369528766276165
2	588	139.78414140980388	160.77970315625785	5.466666666666667	160.77970315625785	0.033988778089495554	0.03333333333333333	1.0196633426848667
4	588	140.17503786663923	175.54691371408364	5.466666666666667	175.54691371408364	0.06813131509168033	0.03333333333333333	2.04393945275041
2	589	139.92990528497305	160.43389593067826	5.5	160.43389593067826	0.13947640154867297	0.03333333333333333	4.184292046460189
4	589	140.33755241178176	175.27025558928952	5.5	175.27025558928952	0.10180411906817627	0.03333333333333333	3.054123572045288
4	590	140.11172685016263	175.1264429983419	5.533333333333333	175.1264429983419	0.07075463981651534	0.03333333333333333	2.12263919449546
2	590	139.9738823793131	160.4222423000627	5.533333333333333	160.4222423000627	0.002007726483286772	0.03333333333333333	0.060231794498603164
4	591	140.24448350719715	174.80360151805718	5.566666666666666	174.80360151805718	0.12059396718325607	0.03333333333333333	3.617819015497682
2	591	139.8375694866815	160.2614650600613	5.566666666666666	160.2614650600613	0.043754198179900894	0.03333333333333333	1.3126259453970268
2	592	139.88468110662504	159.9594465938451	5.6	159.9594465938451	0.09234993061380992	0.03333333333333333	2.7704979184142977
4	592	140.4207789245819	174.37081503993923	5.6	174.37081503993923	0.21675351038428245	0.03333333333333333	6.502605311528473
4	593	140.3007787398694	174.35831700430438	5.633333333333333	174.35831700430438	0.014256084890044972	0.03333333333333333	0.4276825467013492
2	593	139.7740890561404	159.6458591232041	5.633333333333333	159.6458591232041	0.10937474670875269	0.03333333333333333	3.2812424012625807
2	594	139.95881907931067	159.43334237380625	5.666666666666667	159.43334237380625	0.07830469907564015	0.03333333333333333	2.3491409722692045
4	594	140.39251651971102	173.7237451674323	5.666666666666667	173.7237451674323	0.4093009861454675	0.03333333333333333	12.279029584364025
2	595	139.8198492536825	159.17933156672734	5.7	159.17933156672734	0.08281658740084816	0.03333333333333333	2.4844976220254447
4	595	140.43782408979305	173.49701864302259	5.7	173.49701864302259	0.05269194148247054	0.03333333333333333	1.5807582444741162
2	596	139.89564500497843	159.26749663663298	5.733333333333333	159.26749663663298	0.013234498122035462	0.03333333333333333	0.3970349436610639
4	596	140.48487641959989	173.3639034706877	5.733333333333333	173.3639034706877	0.019552784268709242	0.03333333333333333	0.5865835280612773
2	597	140.02811259292642	158.91048026824404	5.766666666666667	158.91048026824404	0.14363553826396808	0.03333333333333333	4.309066147919042
4	597	140.3055458831565	173.0522312759422	5.766666666666667	173.0522312759422	0.12800258685571994	0.03333333333333333	3.840077605671598
2	598	139.7650373013312	158.80021625295132	5.8	158.80021625295132	0.08036736604499277	0.03333333333333333	2.411020981349783
4	598	140.7190809915044	172.4812488511182	5.8	172.4812488511182	0.49532344395124656	0.03333333333333333	14.859703318537397
4	599	140.50400352991008	172.43216216710832	5.833333333333333	172.43216216710832	0.047948500042733745	0.03333333333333333	1.4384550012820123
2	599	139.81088201756424	158.73807244199355	5.833333333333333	158.73807244199355	0.005814999627125839	0.03333333333333333	0.17444998881377516
2	600	139.82881690265717	158.5131671435223	5.866666666666666	158.5131671435223	0.05016278456874829	0.03333333333333333	1.504883537062449
4	600	140.19495713926423	172.22221209101374	5.866666666666666	172.22221209101374	0.13824126121218816	0.03333333333333333	4.147237836365645
4	601	140.41235892986208	171.77684552910478	5.9	171.77684552910478	0.2439220363091068	0.03333333333333333	7.317661089273204
2	601	139.80127370415906	158.31844365527598	5.9	158.31844365527598	0.038061118994530845	0.03333333333333333	1.1418335698359254
4	602	140.40565459677327	171.6169401761102	5.933333333333334	171.6169401761102	0.025156414691379712	0.03333333333333333	0.7546924407413914
2	602	139.89594561986044	158.18559117802712	5.933333333333334	158.18559117802712	0.02614136564279108	0.03333333333333333	0.7842409692837324
4	603	140.56735672181196	171.27250954273794	5.966666666666667	171.27250954273794	0.14340827583788396	0.03333333333333333	4.3022482751365185
2	603	139.89587295375358	158.01023165319518	5.966666666666667	158.01023165319518	0.03022802434018175	0.03333333333333333	0.9068407302054525
2	604	139.78725117790626	157.66788374223876	6.0	157.66788374223876	0.12770590831260098	0.03333333333333333	3.8311772493780296
4	604	140.4962965959929	171.08637154832982	6.0	171.08637154832982	0.03907093458950013	0.03333333333333333	1.1721280376850038
2	605	139.88816337607904	157.46664356452982	6.033333333333333	157.46664356452982	0.04994178092355913	0.03333333333333333	1.4982534277067738
4	605	140.53406398360198	170.6682276985659	6.033333333333333	170.6682276985659	0.17476988025862533	0.03333333333333333	5.24309640775876
2	606	139.91420576486865	157.41832380681532	6.066666666666666	157.41832380681532	0.0029280671516636976	0.03333333333333333	0.08784201454991093
4	606	140.60971905110745	170.49069849911194	6.066666666666666	170.49069849911194	0.036641550225307136	0.03333333333333333	1.099246506759214
4	607	140.2933316970092	170.4159973260888	6.1	170.4159973260888	0.10451771338449425	0.03333333333333333	3.1355314015348275
2	607	139.91427146064154	157.27803155708972	6.1	157.27803155708972	0.01930473206471599	0.03333333333333333	0.5791419619414797
4	608	140.46517987313476	169.97814413197938	6.133333333333333	169.97814413197938	0.21960922748514025	0.03333333333333333	6.588276824554208
2	608	139.9100035207699	157.01640259467442	6.133333333333333	157.01640259467442	0.0675694884545852	0.03333333333333333	2.027084653637556
2	609	139.85241783855594	156.84458271830343	6.166666666666667	156.84458271830343	0.032290186422035495	0.03333333333333333	0.9687055926610648
4	609	140.54843437467858	169.44727451516138	6.166666666666667	169.44727451516138	0.28699232443843814	0.03333333333333333	8.609769733153144
4	610	140.46607177553466	169.45803795648868	6.2	169.45803795648868	0.006732372145097125	0.03333333333333333	0.20197116435291373
2	610	139.75809344273029	156.5958502653315	6.2	156.5958502653315	0.06984769568419893	0.03333333333333333	2.095430870525968
2	611	139.8804710758306	156.6974653591387	6.233333333333333	156.6974653591387	0.02484774860187842	0.03333333333333333	0.7454324580563526
4	611	140.47984777431364	168.67514006318456	6.233333333333333	168.67514006318456	0.6116431413999903	0.03333333333333333	18.34929424199971
2	612	140.0596488153856	156.3817160385931	6.266666666666667	156.3817160385931	0.13049311111300976	0.03333333333333333	3.914793333390293
4	612	140.50629301632634	168.2715926227995	6.266666666666667	168.2715926227995	0.16209759612822502	0.03333333333333333	4.8629278838467505
2	613	139.84565108606034	156.39918577180626	6.3	156.39918577180626	0.04540672703849926	0.03333333333333333	1.3622018111549778
4	613	140.7196477792889	167.74439474269292	6.3	167.74439474269292	0.321664399759806	0.03333333333333333	9.64993199279418
2	614	139.88094685163898	156.13421664510392	6.333333333333333	156.13421664510392	0.07053163187995083	0.03333333333333333	2.115948956398525
4	614	140.46718631944285	167.78562771156618	6.333333333333333	167.78562771156618	0.0645638758998854	0.03333333333333333	1.9369162769965618
4	615	140.53189550141565	167.36594062750558	6.366666666666666	167.36594062750558	0.17880926457347548	0.03333333333333333	5.364277937204265
2	615	139.83984935729566	155.8759517161221	6.366666666666666	155.8759517161221	0.06749198254752856	0.03333333333333333	2.0247594764258565
4	616	140.7705165453466	166.30769193712877	6.4	166.30769193712877	1.1777746054533713	0.03333333333333333	35.33323816360114
2	616	139.89953984100774	155.7994574891143	6.4	155.7994574891143	0.009200418215180016	0.03333333333333333	0.2760125464554005
2	617	139.85336640497204	155.29676348254512	6.433333333333334	155.29676348254512	0.25312277521550064	0.03333333333333333	7.593683256465019
4	617	140.5227434785836	166.80988951913506	6.433333333333334	166.80988951913506	0.3118075623857299	0.03333333333333333	9.354226871571896
4	618	140.72295696372865	165.99269396290092	6.466666666666667	165.99269396290092	0.7066903532487089	0.03333333333333333	21.200710597461267
2	618	139.75370403880478	155.05766282656074	6.466666666666667	155.05766282656074	0.06621462286029328	0.03333333333333333	1.9864386858087986
2	619	139.78487833812278	154.32949893346262	6.5	154.32949893346262	0.5295416467663621	0.03333333333333333	15.886249402990861
4	619	140.6277190355585	164.8584012252849	6.5	164.8584012252849	1.297344746536835	0.03333333333333333	38.920342396105056
2	620	139.77534391558015	154.09004551179706	6.533333333333333	154.09004551179706	0.05662619542256251	0.03333333333333333	1.6987858626768753
4	620	140.50322517342062	164.57161123779062	6.533333333333333	164.57161123779062	0.09663390134621053	0.03333333333333333	2.899017040386316
2	621	139.74161508169394	154.07316193108412	6.566666666666666	154.07316193108412	0.0013774820098319373	0.03333333333333333	0.04132446029495812
4	621	140.50597122061632	164.4534325007027	6.566666666666666	164.4534325007027	0.013682852722925524	0.03333333333333333	0.4104855816877657
4	622	140.55415851555333	164.06666915965488	6.6	164.06666915965488	0.15050422654829956	0.03333333333333333	4.515126796448987
2	622	139.69645944048708	153.56106952422238	6.6	153.56106952422238	0.2625508601667287	0.03333333333333333	7.876525805001861
4	623	140.58466587036568	163.70087750972246	6.633333333333333	163.70087750972246	0.13341038080347845	0.03333333333333333	4.002311424104353
2	623	139.724633921185	153.7409850627497	6.633333333333333	153.7409850627497	0.032611564037406074	0.03333333333333333	0.9783469211221822
4	624	140.60329249883392	163.3401395997761	6.666666666666667	163.3401395997761	0.12917633025219916	0.03333333333333333	3.875289907565975
2	624	139.66058914282056	153.17685121910432	6.666666666666667	153.17685121910432	0.32055599293898696	0.03333333333333333	9.616679788169609
2	625	139.6447651732698	152.93039226317194	6.7	152.93039226317194	0.06015779624538552	0.03333333333333333	1.8047338873615655
4	625	140.5341074667283	162.95927861464273	6.7	162.95927861464273	0.148447065146563	0.03333333333333333	4.45341195439689
2	626	139.55652156393134	152.57231122541484	6.733333333333333	152.57231122541484	0.13467883736042663	0.03333333333333333	4.040365120812799
4	626	140.56423178459445	163.02795182036363	6.733333333333333	163.02795182036363	0.005481780420489334	0.03333333333333333	0.16445341261468002
4	627	140.54995432069822	162.40336666981602	6.766666666666667	162.40336666981602	0.38850571533932626	0.03333333333333333	11.655171460179789
2	627	139.5450798391219	152.5133249956263	6.766666666666667	152.5133249956263	0.0035116399607151992	0.03333333333333333	0.10534919882145598
2	628	139.48794873723406	152.18775434679242	6.8	152.18775434679242	0.10807502715287942	0.03333333333333333	3.2422508145863826
4	628	140.51343852265128	162.17181740196378	6.8	162.17181740196378	0.05416870023729967	0.03333333333333333	1.6250610071189902
2	629	139.54855759663286	152.00778143207296	6.833333333333333	152.00778143207296	0.03547823459790349	0.03333333333333333	1.0643470379371047
4	629	140.51372853901384	162.0524326402892	6.833333333333333	162.0524326402892	0.01395745371812598	0.03333333333333333	0.4187236115437794
2	630	139.51243838752728	151.63628970352275	6.866666666666666	151.63628970352275	0.13796458548990168	0.03333333333333333	4.13893756469705
4	630	140.57087611930294	161.7058993815331	6.866666666666666	161.7058993815331	0.12208604453584952	0.03333333333333333	3.6625813360754855
4	631	140.62524211733057	161.33447684296203	6.8999999999999995	161.33447684296203	0.13955663958668557	0.03333333333333333	4.186699187600567
2	631	139.38103560383774	151.70102371694955	6.8999999999999995	151.70102371694955	0.021054930241905172	0.03333333333333333	0.6316479072571551
2	632	139.3898748746243	151.41481284920607	6.933333333333334	151.41481284920607	0.0809907511842515	0.03333333333333333	2.429722535527545
4	632	140.47088016656107	161.2166655298509	6.933333333333334	161.2166655298509	0.03710313300078317	0.03333333333333333	1.113093990023495
4	633	140.45896711195277	160.6453917162305	6.966666666666667	160.6453917162305	0.32470033922756014	0.03333333333333333	9.741010176826805
2	633	139.39675616056243	151.59777577572123	6.966666666666667	151.59777577572123	0.032966716490344015	0.03333333333333333	0.9890014947103205
4	634	140.38582508516964	160.8044392067326	7.0	160.8044392067326	0.030124195771656943	0.03333333333333333	0.9037258731497083
2	634	139.5357754900704	151.26347134342416	7.0	151.26347134342416	0.1297802745955258	0.03333333333333333	3.8934082378657737
4	635	140.58743083895638	160.3823227782851	7.033333333333333	160.3823227782851	0.21719532007070783	0.03333333333333333	6.5158596021212345
2	635	139.41083942443285	150.726348878658	7.033333333333333	150.726348878658	0.3023315052283128	0.03333333333333333	9.069945156849384
2	636	139.53671038739142	150.7193779032298	7.066666666666666	150.7193779032298	0.015571120735069154	0.03333333333333333	0.46713362205207465
4	636	140.50990456406134	159.93575670904008	7.066666666666666	159.93575670904008	0.20383619229507055	0.03333333333333333	6.115085768852117
2	637	139.4120976874384	150.27683033988967	7.1	150.27683033988967	0.2097645934247553	0.03333333333333333	6.292937802742659
4	637	140.55739357566299	159.99478169634662	7.1	159.99478169634662	0.005595098467766169	0.03333333333333333	0.16785295403298509
2	638	139.50617472873122	150.31337869088668	7.133333333333333	150.31337869088668	0.00995869525157843	0.03333333333333333	0.29876085754735293
4	638	140.6466638196223	159.41575185722334	7.133333333333333	159.41575185722334	0.341441413270848	0.03333333333333333	10.243242398125439
4	639	140.57257221770553	159.05764164854625	7.166666666666667	159.05764164854625	0.1324136127886065	0.03333333333333333	3.972408383658195
2	639	139.47745078351124	150.33361136597338	7.166666666666667	150.33361136597338	0.0011943654919381746	0.03333333333333333	0.03583096475814524
2	640	139.44079211276753	150.0007755175476	7.2	150.0007755175476	0.11092145179180485	0.03333333333333333	3.3276435537541453
4	640	140.47086812458042	159.0988683431403	7.2	159.0988683431403	0.011784014080777776	0.03333333333333333	0.35352042242333326
4	641	140.4670894520521	158.6819067906436	7.233333333333333	158.6819067906436	0.17237923029767874	0.03333333333333333	5.1713769089303625
2	641	139.58737337195	149.82218964075736	7.233333333333333	149.82218964075736	0.05261397523101259	0.03333333333333333	1.5784192569303777
2	642	139.49734263841688	149.77756977260663	7.266666666666667	149.77756977260663	0.009870465014604623	0.03333333333333333	0.2961139504381387
4	642	140.4698043765417	158.5269415871396	7.266666666666667	158.5269415871396	0.023584369258710134	0.03333333333333333	0.7075310777613041
4	643	140.357895106324	158.34650585158604	7.3	158.34650585158604	0.044397691737965005	0.03333333333333333	1.33193075213895
2	643	139.5683293660281	149.572888739051	7.3	149.572888739051	0.04623149334500835	0.03333333333333333	1.3869448003502505
2	644	139.5956393326978	149.6096010428569	7.333333333333333	149.6096010428569	0.002030961891782438	0.03333333333333333	0.060928856753473135
4	644	140.42699335150022	157.67921533107034	7.333333333333333	157.67921533107034	0.4482846281733494	0.03333333333333333	13.448538845200483
4	645	140.36575925268298	157.60443628222558	7.366666666666666	157.60443628222558	0.009128923576734053	0.03333333333333333	0.2738677073020216
2	645	139.4802153870843	149.2817558994687	7.366666666666666	149.2817558994687	0.11955385285387791	0.03333333333333333	3.5866155856163373
4	646	140.32830060790408	157.47665914836594	7.3999999999999995	157.47665914836594	0.017381418231631328	0.03333333333333333	0.5214425469489399
2	646	139.5621860804778	149.14087124540944	7.3999999999999995	149.14087124540944	0.026097071163719385	0.03333333333333333	0.7829121349115815
4	647	140.3329019202471	156.7662475979121	7.433333333333334	156.7662475979121	0.503008552272871	0.03333333333333333	15.09025656818613
2	647	139.58261587269956	149.14278925912038	7.433333333333334	149.14278925912038	0.00040523786269315955	0.03333333333333333	0.012157135880794787
2	648	139.6363566948367	148.99011489942689	7.466666666666667	148.99011489942689	0.025731705006517523	0.03333333333333333	0.7719511501955257
4	648	140.3603503581545	156.89777666013796	7.466666666666667	156.89777666013796	0.017699801819656944	0.03333333333333333	0.5309940545897084
4	649	140.2198519509602	156.54179071382876	7.5	156.54179071382876	0.14508633510731986	0.03333333333333333	4.352590053219596
2	649	139.68849023648866	148.75927317091003	7.5	148.75927317091003	0.05521622250335201	0.03333333333333333	1.6564866751005602
4	650	140.37892617296222	156.50655151695656	7.533333333333333	156.50655151695656	0.02607607384286565	0.03333333333333333	0.7822822152859695
2	650	139.84657120151084	148.16524908832113	7.533333333333333	148.16524908832113	0.3760469695718562	0.03333333333333333	11.281409087155685
4	651	140.21421849035366	155.83866931547345	7.566666666666666	155.83866931547345	0.4714542798408442	0.03333333333333333	14.143628395225326
2	651	139.68940186202283	148.40047917155368	7.566666666666666	148.40047917155368	0.07904592552928004	0.03333333333333333	2.3713777658784014
2	652	139.790558508095	148.0318851140208	7.6	148.0318851140208	0.14471647362385084	0.03333333333333333	4.341494208715526
4	652	140.28047687793756	155.86092204612498	7.6	155.86092204612498	0.004758954486055913	0.03333333333333333	0.14276863458167738
4	653	140.1861365267068	154.6903601590421	7.633333333333333	154.6903601590421	1.3813007531165875	0.03333333333333333	41.439022593497626
2	653	139.82998610676432	148.00265643420684	7.633333333333333	148.00265643420684	0.0023383654897934504	0.03333333333333333	0.07015096469380351
4	654	140.12903097532302	154.7392107694619	7.666666666666667	154.7392107694619	0.0055052347514151145	0.03333333333333333	0.16515704254245345
2	654	139.79646599725126	147.62839443862845	7.666666666666667	147.62839443862845	0.13984056734899838	0.03333333333333333	4.1952170204699515
4	655	140.11684261934099	154.73347462242037	7.7	154.73347462242037	0.0001739200594685644	0.03333333333333333	0.005217601784056932
2	655	139.9108049004675	147.3211857810584	7.7	147.3211857810584	0.10627624692199295	0.03333333333333333	3.1882874076597885
4	656	140.14067620733272	154.1293092544514	7.733333333333333	154.1293092544514	0.36377612265552145	0.03333333333333333	10.913283679665644
2	656	139.9302452881345	147.1309408757933	7.733333333333333	147.1309408757933	0.03597984297558489	0.03333333333333333	1.0793952892675467
4	657	140.0182220655126	153.86940651679637	7.766666666666667	153.86940651679637	0.08153636042219509	0.03333333333333333	2.4460908126658527
2	657	139.95523562210084	146.94197278664882	7.766666666666667	146.94197278664882	0.03574493908883853	0.03333333333333333	1.072348172665156
4	658	140.06591160360122	153.73117133311047	7.8	153.73117133311047	0.02098203339086335	0.03333333333333333	0.6294610017259005
2	658	139.9842348166757	146.5143252150347	7.8	146.5143252150347	0.18219633489535267	0.03333333333333333	5.46589004686058
4	659	140.09816589015657	153.20973412742543	7.833333333333333	153.20973412742543	0.27119678150827464	0.03333333333333333	8.135903445248239
2	659	140.04482851683636	146.46444441134727	7.833333333333333	146.46444441134727	0.006007170684463829	0.03333333333333333	0.1802151205339149
2	660	140.1813724525449	145.7697872455246	7.866666666666666	145.7697872455246	0.4994902600886947	0.03333333333333333	14.984707802660841
4	660	140.022758683843	153.29389245658442	7.866666666666666	153.29389245658442	0.012497499581531669	0.03333333333333333	0.37492498744595004
4	661	140.03009229208322	152.83916777487516	7.8999999999999995	152.83916777487516	0.20522893603628736	0.03333333333333333	6.156868081088621
2	661	140.12060234119824	145.97622593154557	7.8999999999999995	145.97622593154557	0.04561430988802601	0.03333333333333333	1.3684292966407805
4	662	139.98777518568673	152.40330328705244	7.933333333333334	152.40330328705244	0.19021481054245443	0.03333333333333333	5.7064443162736325
2	662	140.20085586437568	145.93564139836278	7.933333333333334	145.93564139836278	0.007898059730001954	0.03333333333333333	0.23694179190005862
4	663	140.0229356747063	152.75819836538878	7.966666666666667	152.75819836538878	0.12590132752471622	0.03333333333333333	3.7770398257414866
2	663	140.19557638013836	144.6342534993193	7.966666666666667	144.6342534993193	1.698039858009862	0.03333333333333333	50.94119574029586
4	664	139.93671840000349	152.0686011798814	8.0	152.0686011798814	0.48124923711333883	0.03333333333333333	14.437477113400165
2	664	140.21053568178291	144.99044789702063	8.0	144.99044789702063	0.12581324385779927	0.03333333333333333	3.774397315733978
2	665	140.21033635344892	144.54027905557874	8.033333333333333	144.54027905557874	0.20106473301512032	0.03333333333333333	6.03194199045361
4	665	139.93754588535322	152.0134904883181	8.033333333333333	152.0134904883181	0.0029523537107248635	0.03333333333333333	0.0885706113217459
