id	FRAME	POSITION_X	POSITION_Y	t	y	delta_r	delta_t	v
1	181	154.21484893564	163.3429599431235	0.0	163.3429599431235	0.0	0.03333333333333333	0.0
2	181	152.75453325022002	222.41861974479428	0.0	222.41861974479428	0.0	0.03333333333333333	0.0
1	182	154.1791778899385	162.7199806458447	0.03333333333333333	162.7199806458447	0.38757063164576744	0.03333333333333333	11.627118949373024
2	182	152.9165211847291	221.8121338245224	0.03333333333333333	221.8121338245224	0.3922616597123278	0.03333333333333333	11.767849791369834
1	183	154.006536538265	162.03896873753254	0.06666666666666667	162.03896873753254	0.49186846763409237	0.03333333333333333	14.75605402902277
2	183	152.83895901888656	221.02378779069406	0.06666666666666667	221.02378779069406	0.626066509419195	0.03333333333333333	18.78199528257585
1	184	153.9324061520999	161.23946251905227	0.1	161.23946251905227	0.6433129090031924	0.03333333333333333	19.29938727009577
2	184	152.82995354837232	220.37699340106263	0.1	220.37699340106263	0.4166320720908923	0.03333333333333333	12.49896216272677
1	185	153.89761611981368	160.64190220850776	0.13333333333333333	160.64190220850776	0.35648163608377537	0.03333333333333333	10.69444908251326
2	185	152.93263429907302	219.7404024333572	0.13333333333333333	219.7404024333572	0.4139977904713839	0.03333333333333333	12.419933714141518
1	186	153.8635064677745	159.981251101899	0.16666666666666666	159.981251101899	0.4358454306256485	0.03333333333333333	13.075362918769455
2	186	152.97876454671896	219.05206073224716	0.16666666666666666	219.05206073224716	0.47420473621327885	0.03333333333333333	14.226142086398365
1	187	153.78797524259818	159.1944078066906	0.2	159.1944078066906	0.623381494786687	0.03333333333333333	18.701444843600612
2	187	153.00609199631404	218.38416835782616	0.2	218.38416835782616	0.4450573276733508	0.03333333333333333	13.351719830200524
2	188	153.0433090734302	217.62502872685104	0.23333333333333334	217.62502872685104	0.5761186384367518	0.03333333333333333	17.283559153102555
1	188	153.87732351703366	158.4722242951514	0.23333333333333334	158.4722242951514	0.5278763149496738	0.03333333333333333	15.836289448490215
2	189	153.03737489859958	217.09191551211103	0.26666666666666666	217.09191551211103	0.28248898113959625	0.03333333333333333	8.474669434187888
1	189	153.9316029105089	157.79938675156274	0.26666666666666666	157.79938675156274	0.4538957078273832	0.03333333333333333	13.616871234821495
2	190	153.14653135181808	216.4394091594187	0.3	216.4394091594187	0.43590179670332446	0.03333333333333333	13.077053901099735
1	190	153.96878225193115	157.01045669983287	0.3	157.01045669983287	0.6223444015310912	0.03333333333333333	18.670332045932735
2	191	153.21886890219176	215.80584340252463	0.3333333333333333	215.80584340252463	0.40483977235299257	0.03333333333333333	12.145193170589778
1	191	153.84116071037772	156.39462344961666	0.3333333333333333	156.39462344961666	0.39373474185613005	0.03333333333333333	11.812042255683902
2	192	153.36163021001127	215.11710075606675	0.36666666666666664	215.11710075606675	0.4930351168451109	0.03333333333333333	14.791053505353327
1	192	153.6891322284047	155.71731707034274	0.36666666666666664	155.71731707034274	0.48012664675182837	0.03333333333333333	14.403799402554851
2	193	153.4092930473964	214.4805312490252	0.4	214.4805312490252	0.40569438189887264	0.03333333333333333	12.170831456966178
1	193	153.68647752848895	155.06930442056463	0.4	155.06930442056463	0.4181363816645614	0.03333333333333333	12.544091449936843
2	194	153.57233997719734	213.81910107308425	0.43333333333333335	213.81910107308425	0.46232243113397475	0.03333333333333333	13.869672934019242
1	194	153.5236360614518	154.2744566284594	0.43333333333333335	154.2744566284594	0.6569459205782033	0.03333333333333333	19.708377617346102
2	195	153.67307392791284	213.14480259769974	0.4666666666666667	213.14480259769974	0.4630748693263784	0.03333333333333333	13.892246079791352
1	195	153.52070578318873	153.39643787707104	0.4666666666666667	153.39643787707104	0.7699381259574625	0.03333333333333333	23.098143778723873
2	196	153.72801885452182	212.43955644619686	0.5	212.43955644619686	0.4986873054654142	0.03333333333333333	14.960619163962425
1	196	153.51077783100348	152.7035320973666	0.5	152.7035320973666	0.47848489208165357	0.03333333333333333	14.354546762449607
1	197	153.40698723127753	152.12820231879485	0.5333333333333333	152.12820231879485	0.3399740592554399	0.03333333333333333	10.199221777663197
2	197	153.860581656007	211.91657354080456	0.5333333333333333	211.91657354080456	0.2893197177530006	0.03333333333333333	8.679591532590017
2	198	153.88905548644786	211.09814869236297	0.5666666666666667	211.09814869236297	0.6693113677979112	0.03333333333333333	20.079341033937336
1	198	153.46577720219454	151.27492045682052	0.5666666666666667	151.27492045682052	0.7304205637791049	0.03333333333333333	21.91261691337315
2	199	154.0443462513224	210.48238176978413	0.6	210.48238176978413	0.4014840608891478	0.03333333333333333	12.044521826674433
1	199	153.46793343111543	150.5082068274176	0.6	150.5082068274176	0.5863179507335883	0.03333333333333333	17.589538522007647
2	200	154.0774370624639	209.8537692618816	0.6333333333333333	209.8537692618816	0.3944458272222038	0.03333333333333333	11.833374816666113
1	200	153.4590538893314	149.80190378220144	0.6333333333333333	149.80190378220144	0.49723689572363006	0.03333333333333333	14.917106871708901
2	201	154.09990176682092	209.2185286476732	0.6666666666666666	209.2185286476732	0.40223557162304363	0.03333333333333333	12.06706714869131
1	201	153.28507028588166	149.02996085691126	0.6666666666666666	149.02996085691126	0.6247238208459964	0.03333333333333333	18.741714625379892
1	202	153.26984121419858	148.3180460056715	0.7	148.3180460056715	0.5053611495977015	0.03333333333333333	15.160834487931046
2	202	154.18265864956248	208.5520617430125	0.7	208.5520617430125	0.4492612213862218	0.03333333333333333	13.477836641586654
2	203	154.26913102475146	207.89405496570973	0.7333333333333333	207.89405496570973	0.43867489765717976	0.03333333333333333	13.160246929715393
1	203	153.3951844936189	147.49335890014441	0.7333333333333333	147.49335890014441	0.6945777599519275	0.03333333333333333	20.837332798557824
1	204	153.40204677061732	146.74920037279273	0.7666666666666666	146.74920037279273	0.5522092114307908	0.03333333333333333	16.566276342923725
2	204	154.2713299255526	207.24245176675709	0.7666666666666666	207.24245176675709	0.42280361612815454	0.03333333333333333	12.684108483844636
2	205	154.32908179109282	206.53217292469415	0.8	206.53217292469415	0.506139003070014	0.03333333333333333	15.184170092100421
1	205	153.4567985394193	146.05679206542175	0.8	146.05679206542175	0.48069782998034216	0.03333333333333333	14.420934899410264
2	206	154.43695182383567	205.9144554997356	0.8333333333333334	205.9144554997356	0.3914068837727077	0.03333333333333333	11.742206513181232
1	206	153.49964410774297	145.3294024379804	0.8333333333333334	145.3294024379804	0.5292780944251911	0.03333333333333333	15.878342832755735
2	207	154.53149335676144	205.14630237150345	0.8666666666666667	205.14630237150345	0.5974869835862434	0.03333333333333333	17.924609507587302
1	207	153.62604910401868	144.54590174655664	0.8666666666666667	144.54590174655664	0.6284188804395111	0.03333333333333333	18.852566413185333
1	208	153.8146261207024	143.9594859054979	0.9	143.9594859054979	0.37763780411489106	0.03333333333333333	11.329134123446732
2	208	154.56564056381097	204.48232570933425	0.9	204.48232570933425	0.4402569440242179	0.03333333333333333	13.207708320726537
1	209	153.7989264332816	143.21049440073432	0.9333333333333333	143.21049440073432	0.5596400745709249	0.03333333333333333	16.789202237127746
2	209	154.63465238370682	203.7849398627853	0.9333333333333333	203.7849398627853	0.4893923400298395	0.03333333333333333	14.681770200895185
1	210	153.9165439124007	142.46295733981904	0.9666666666666667	142.46295733981904	0.5710750469326887	0.03333333333333333	17.13225140798066
2	210	154.56391979745814	203.2153915336	0.9666666666666667	203.2153915336	0.3275913741422819	0.03333333333333333	9.827741224268458
1	211	153.99151240870447	141.84233321398528	1.0	141.84233321398528	0.38898997688102793	0.03333333333333333	11.669699306430838
2	211	154.52131522940329	202.40442472793129	1.0	202.40442472793129	0.6581312575907038	0.03333333333333333	19.743937727721114
1	212	153.96176529207858	141.17054244713762	1.0333333333333332	141.17054244713762	0.450423269309035	0.03333333333333333	13.512698079271049
2	212	154.58682176035384	201.7039131117041	1.0333333333333332	201.7039131117041	0.49329590039556814	0.03333333333333333	14.798877011867045
1	213	154.02025175623254	140.52831271655612	1.0666666666666667	140.52831271655612	0.4140861393203085	0.03333333333333333	12.422584179609256
2	213	154.60770289973541	201.0546276402829	1.0666666666666667	201.0546276402829	0.4202179419683476	0.03333333333333333	12.606538259050428
1	214	153.98580807750392	139.89691771882073	1.1	139.89691771882073	0.39804450389623147	0.03333333333333333	11.941335116886945
2	214	154.54661319531556	200.5022718439245	1.1	200.5022718439245	0.3070465190149298	0.03333333333333333	9.211395570447895
2	215	154.54540927278117	199.75789478558067	1.1333333333333333	199.75789478558067	0.5524894222514835	0.03333333333333333	16.574682667544504
1	215	153.9925007278631	139.15781566624264	1.1333333333333333	139.15781566624264	0.5446920512958803	0.03333333333333333	16.340761538876407
1	216	153.8214648884422	138.49170981270757	1.1666666666666667	138.49170981270757	0.47120898981483594	0.03333333333333333	14.136269694445078
2	216	154.59722177342312	199.1307588781865	1.1666666666666667	199.1307588781865	0.3941810286668768	0.03333333333333333	11.825430860006305
1	217	153.7450285357542	137.90977867167194	1.2	137.90977867167194	0.34268262330179944	0.03333333333333333	10.280478699053983
2	217	154.58830754758532	198.53183602425202	1.2	198.53183602425202	0.35698094408137876	0.03333333333333333	10.709428322441363
2	218	154.63718800963744	197.79524579371133	1.2333333333333334	197.79524579371133	0.5433272516868985	0.03333333333333333	16.299817550606956
1	218	153.79556268816987	137.11521963925526	1.2333333333333334	137.11521963925526	0.6324557743218694	0.03333333333333333	18.973673229656082
1	219	153.76164323609788	136.3371633233054	1.2666666666666666	136.3371633233054	0.6050300475895347	0.03333333333333333	18.15090142768604
2	219	154.5837299576606	197.13735038337842	1.2666666666666666	197.13735038337842	0.4339045974244128	0.03333333333333333	13.017137922732383
2	220	154.63517202473753	196.34078272334426	1.3	196.34078272334426	0.6357531694677531	0.03333333333333333	19.072595084032592
1	220	153.81346612270553	135.57396484331557	1.3	135.57396484331557	0.5836148722503743	0.03333333333333333	17.50844616751123
2	221	154.64819717698748	195.566905704666	1.3333333333333333	195.566905704666	0.597545087036147	0.03333333333333333	17.926352611084408
1	221	153.68445287854857	134.9911606335738	1.3333333333333333	134.9911606335738	0.35449843823509447	0.03333333333333333	10.634953147052835
1	222	153.8158672511797	134.21235029034165	1.3666666666666667	134.21235029034165	0.6223668176065611	0.03333333333333333	18.671004528196832
2	222	154.6179652661938	194.90674847124032	1.3666666666666667	194.90674847124032	0.4349428628189567	0.03333333333333333	13.048285884568703
2	223	154.69660350025015	194.11504222473724	1.4	194.11504222473724	0.6315583822334772	0.03333333333333333	18.946751467004315
1	223	153.9828477293517	133.39679444048082	1.4	133.39679444048082	0.691763063219698	0.03333333333333333	20.752891896590942
1	224	153.94694751258038	132.62975141439722	1.4333333333333333	132.62975141439722	0.5881114695528655	0.03333333333333333	17.643344086585966
2	224	154.72621166576926	193.40185473743918	1.4333333333333333	193.40185473743918	0.5078233934417452	0.03333333333333333	15.234701803252356
2	225	154.79536979223874	192.58502140956884	1.4666666666666666	192.58502140956884	0.6706849555517552	0.03333333333333333	20.120548666552658
1	225	153.9647390285836	131.89601178405917	1.4666666666666666	131.89601178405917	0.5370512846105648	0.03333333333333333	16.111538538316946
2	226	154.86852905807214	191.84818006604863	1.5	191.84818006604863	0.5466666958447313	0.03333333333333333	16.400000875341938
1	226	154.08885058274626	131.15747861785468	1.5	131.15747861785468	0.5592394083659163	0.03333333333333333	16.77718225097749
2	227	154.8342057479847	191.20910558689448	1.5333333333333332	191.20910558689448	0.40779723841240084	0.03333333333333333	12.233917152372026
1	227	154.16613618679335	130.52783710836493	1.5333333333333332	130.52783710836493	0.4006210557914499	0.03333333333333333	12.018631673743498
1	228	154.21281102032046	129.8511267634496	1.5666666666666667	129.8511267634496	0.45835928205947296	0.03333333333333333	13.750778461784188
2	228	154.68080108158657	190.44523379080897	1.5666666666666667	190.44523379080897	0.6055422549964438	0.03333333333333333	18.166267649893314
1	229	154.2164651869088	129.09670285153817	1.6	129.09670285153817	0.5675908171138119	0.03333333333333333	17.027724513414356
2	229	154.640179898901	189.70048509561272	1.6	189.70048509561272	0.5546959097239721	0.03333333333333333	16.640877291719164
2	230	154.52246547384158	189.0213452283416	1.6333333333333333	189.0213452283416	0.4733490133247207	0.03333333333333333	14.20047039974162
1	230	154.3437002713714	128.43724210609008	1.6333333333333333	128.43724210609008	0.4493116762682038	0.03333333333333333	13.479350288046113
1	231	154.43290297674298	127.82521224088345	1.6666666666666667	127.82521224088345	0.38073114896953164	0.03333333333333333	11.421934469085949
2	231	154.29727106646178	188.3698055221516	1.6666666666666667	188.3698055221516	0.47347803897394275	0.03333333333333333	14.204341169218283
1	232	154.28404847459998	127.1836633688925	1.7	127.1836633688925	0.43196150741102485	0.03333333333333333	12.958845222330746
2	232	154.12730861696488	187.74244090043288	1.7	187.74244090043288	0.42068421022817365	0.03333333333333333	12.62052630684521
2	233	153.98020119083333	186.79153486133407	1.7333333333333334	186.79153486133407	0.9255116316454285	0.03333333333333333	27.765348949362856
1	233	154.20526840151362	126.51325196067579	1.7333333333333334	126.51325196067579	0.4538968525837782	0.03333333333333333	13.616905577513347
2	234	153.84703903528109	186.2373590715708	1.7666666666666666	186.2373590715708	0.32304862578201415	0.03333333333333333	9.691458773460425
1	234	154.1249630426779	125.73624286688921	1.7666666666666666	125.73624286688921	0.6087090304606724	0.03333333333333333	18.261270913820173
2	235	153.81030438103605	185.5241641427596	1.8	185.5241641427596	0.5083075707395238	0.03333333333333333	15.249227122185715
1	235	154.1800668701892	125.0696128625493	1.8	125.0696128625493	0.44566288323200337	0.03333333333333333	13.3698864969601
1	236	154.08768064353924	124.34070518403746	1.8333333333333333	124.34070518403746	0.5382046771574768	0.03333333333333333	16.146140314724303
2	236	153.84908330333622	184.72903868028342	1.8333333333333333	184.72903868028342	0.6323059244454391	0.03333333333333333	18.969177733363175
1	237	154.03224916221276	123.66794892693899	1.8666666666666667	123.66794892693899	0.45391274354006	0.03333333333333333	13.617382306201801
2	237	153.8823049088231	183.97178760858398	1.8666666666666667	183.97178760858398	0.572966489860552	0.03333333333333333	17.18899469581656
1	238	153.97654742606917	122.83991026553957	1.9	122.83991026553957	0.6874867432893114	0.03333333333333333	20.624602298679342
2	238	154.00189550725753	183.19365225314243	1.9	183.19365225314243	0.6183377166147603	0.03333333333333333	18.55013149844281
2	239	154.0791422010425	182.44015163231543	1.9333333333333333	182.44015163231543	0.5721621144165773	0.03333333333333333	17.16486343249732
1	239	154.00034751066906	122.20576265635842	1.9333333333333333	122.20576265635842	0.40090931941852165	0.03333333333333333	12.02727958255565
2	240	154.04630014128045	181.7711016913377	1.9666666666666666	181.7711016913377	0.4469385363029932	0.03333333333333333	13.408156089089795
1	240	154.02269492063243	121.51930798335957	1.9666666666666666	121.51930798335957	0.46997664670091094	0.03333333333333333	14.099299401027329
2	241	154.13171283774426	181.12281962405842	2.0	181.12281962405842	0.4257791355492681	0.03333333333333333	12.773374066478043
1	241	153.84096092358757	120.86909349269436	2.0	120.86909349269436	0.45404538076424567	0.03333333333333333	13.62136142292737
2	242	154.02708176272063	180.37717451692058	2.033333333333333	180.37717451692058	0.5653515526598367	0.03333333333333333	16.960546579795103
1	242	153.78551898993592	120.14361482369095	2.033333333333333	120.14361482369095	0.5277370357396136	0.03333333333333333	15.83211107218841
2	243	154.06363145637116	179.4766533345879	2.0666666666666664	179.4766533345879	0.8114427493852933	0.03333333333333333	24.3432824815588
1	243	153.62404931675454	119.45487946743977	2.0666666666666664	119.45487946743977	0.498725129430823	0.03333333333333333	14.96175388292469
2	244	153.96821236795367	178.6532039895238	2.1	178.6532039895238	0.6859048098670099	0.03333333333333333	20.577144296010296
1	244	153.55239203192832	118.80249310923504	2.1	118.80249310923504	0.42895926901185044	0.03333333333333333	12.868778070355514
2	245	154.06751887386352	177.82715361336514	2.1333333333333333	177.82715361336514	0.690967779594875	0.03333333333333333	20.72903338784625
1	245	153.37433088568272	118.08500538028831	2.1333333333333333	118.08500538028831	0.5448701732319249	0.03333333333333333	16.346105196957748
1	246	153.40297155793957	117.26834559005897	2.1666666666666665	117.26834559005897	0.6664264215712953	0.03333333333333333	19.99279264713886
2	246	154.15503020961947	177.1178018362571	2.1666666666666665	177.1178018362571	0.5091506557803746	0.03333333333333333	15.274519673411236
2	247	154.16976137355502	176.31031620976174	2.2	176.31031620976174	0.6508784514875823	0.03333333333333333	19.52635354462747
1	247	153.39781786131584	116.6614795897368	2.2	116.6614795897368	0.36650512671870883	0.03333333333333333	10.995153801561266
2	248	154.26803718913655	175.43084753973946	2.2333333333333334	175.43084753973946	0.7821807520626611	0.03333333333333333	23.465422561879834
1	248	153.39993456257554	115.75705444559513	2.2333333333333334	115.75705444559513	0.8171801642199908	0.03333333333333333	24.515404926599725
1	249	153.5021458668176	115.03433058262415	2.2666666666666666	115.03433058262415	0.5311269462764191	0.03333333333333333	15.933808388292572
2	249	154.22286356982985	174.70091375361847	2.2666666666666666	174.70091375361847	0.5331977707259087	0.03333333333333333	15.995933121777261
1	250	153.62118409523654	114.23511832187242	2.3	114.23511832187242	0.6515406038677468	0.03333333333333333	19.546218116032406
2	250	154.26992421588199	173.8388679112381	2.3	173.8388679112381	0.7442593580363589	0.03333333333333333	22.327780741090766
1	251	153.6894907996672	113.55115077454022	2.3333333333333335	113.55115077454022	0.47073555632330855	0.03333333333333333	14.122066689699256
2	251	154.28330947140162	173.0748118437659	2.3333333333333335	173.0748118437659	0.5824154614828345	0.03333333333333333	17.472463844485034
1	252	153.56955061277236	112.8156374717048	2.3666666666666667	112.8156374717048	0.5537587853185664	0.03333333333333333	16.612763559556992
2	252	154.24906910532857	172.25686876310033	2.3666666666666667	172.25686876310033	0.6688834039058515	0.03333333333333333	20.066502117175546
2	253	154.3094688409889	171.50286165071012	2.4	171.50286165071012	0.5706033512256227	0.03333333333333333	17.11810053676868
1	253	153.58876011052158	112.15794766251541	2.4	112.15794766251541	0.43114312935938265	0.03333333333333333	12.93429388078148
1	254	153.50387769295745	111.36810035238736	2.433333333333333	111.36810035238736	0.6296343284838236	0.03333333333333333	18.88902985451471
2	254	154.1444633898793	170.71814544677832	2.433333333333333	170.71814544677832	0.6416090501079197	0.03333333333333333	19.24827150323759
2	255	154.17736032094118	169.9878045554121	2.466666666666667	169.9878045554121	0.5328331418500656	0.03333333333333333	15.984994255501968
1	255	153.39804279821934	110.63176664359388	2.466666666666667	110.63176664359388	0.5517776997304112	0.03333333333333333	16.553330991912336
1	256	153.3796514686636	109.8696641720277	2.5	109.8696641720277	0.5795866763840287	0.03333333333333333	17.38760029152086
2	256	154.13758872719268	169.1945424292236	2.5	169.1945424292236	0.6294165354684115	0.03333333333333333	18.882496064052344
2	257	154.0052381958634	168.4454245342741	2.533333333333333	168.4454245342741	0.5771370855520924	0.03333333333333333	17.314112566562773
1	257	153.28432240881457	109.14026521493223	2.533333333333333	109.14026521493223	0.5394759182092406	0.03333333333333333	16.18427754627722
2	258	153.9525584692141	167.69008329212457	2.5666666666666664	167.69008329212457	0.5717465197499537	0.03333333333333333	17.15239559249861
1	258	153.4110262876693	108.39021679069513	2.5666666666666664	108.39021679069513	0.577069162922183	0.03333333333333333	17.312074887665492
2	259	153.91694820279722	166.91745718713025	2.6	166.91745718713025	0.5967069838931295	0.03333333333333333	17.901209516793884
1	259	153.40106512819966	107.58980326339965	2.6	107.58980326339965	0.6393576317656137	0.03333333333333333	19.180728952968412
2	260	153.944736158517	166.0195206726461	2.6333333333333333	166.0195206726461	0.8062103931214432	0.03333333333333333	24.186311793643295
1	260	153.48240355256755	106.84632415799084	2.6333333333333333	106.84632415799084	0.5577786080874334	0.03333333333333333	16.733358242623
1	261	153.57065700506269	106.07813577053896	2.6666666666666665	106.07813577053896	0.5963891090106622	0.03333333333333333	17.891673270319867
2	261	153.9623819822992	165.40849507058874	2.6666666666666665	165.40849507058874	0.37185604212654083	0.03333333333333333	11.155681263796225
2	262	153.99242353500554	164.49436297123586	2.7	164.49436297123586	0.83580480750736	0.03333333333333333	25.0741442252208
1	262	153.62037646870007	105.39734749696844	2.7	105.39734749696844	0.46419508822872835	0.03333333333333333	13.92585264686185
2	263	153.97645495265752	163.71680335625084	2.7333333333333334	163.71680335625084	0.6033577557405654	0.03333333333333333	18.10073267221696
1	263	153.65155953108118	104.58657711490886	2.7333333333333334	104.58657711490886	0.6569666193826117	0.03333333333333333	19.70899858147835
2	264	154.00606339127742	163.00585552091212	2.7666666666666666	163.00585552091212	0.5046288085695707	0.03333333333333333	15.138864257087121
1	264	153.63218225020168	103.97743974152307	2.7666666666666666	103.97743974152307	0.3696160874147812	0.03333333333333333	11.088482622443436
2	265	153.9443441662648	162.18349542987713	2.8	162.18349542987713	0.6787949815369381	0.03333333333333333	20.36384944610814
1	265	153.6969960665655	103.28622429615623	2.8	103.28622429615623	0.48024984099134144	0.03333333333333333	14.407495229740244
1	266	153.76736076048462	102.4463885835158	2.8333333333333335	102.4463885835158	0.7090792319636644	0.03333333333333333	21.272376958909934
2	266	153.90553551447658	161.458455427189	2.8333333333333335	161.458455427189	0.5255291395811528	0.03333333333333333	15.765874187434584
1	267	153.7974090990415	101.74997292951076	2.8666666666666667	101.74997292951076	0.4841731325059607	0.03333333333333333	14.525193975178821
2	267	153.77834813590954	160.7181017724439	2.8666666666666667	160.7181017724439	0.5627118725562056	0.03333333333333333	16.881356176686168
1	268	153.90206491055358	100.92644379829737	2.9	100.92644379829737	0.6878903445849137	0.03333333333333333	20.636710337547413
2	268	153.7656682497576	159.97814183581346	2.9	159.97814183581346	0.5460795951463943	0.03333333333333333	16.38238785439183
2	269	153.85557736346084	159.23644334499002	2.933333333333333	159.23644334499002	0.5565993770940604	0.03333333333333333	16.697981312821813
1	269	153.94767453812415	100.14161544109226	2.933333333333333	100.14161544109226	0.6165724657545597	0.03333333333333333	18.49717397263679
1	270	153.93384240332634	99.53652745702044	2.966666666666667	99.53652745702044	0.3645150592605743	0.03333333333333333	10.93545177781723
2	270	153.78744885537614	158.4195335671441	2.966666666666667	158.4195335671441	0.6706684536239704	0.03333333333333333	20.120053608719115
2	271	153.7617110835725	157.7620860214459	3.0	157.7620860214459	0.4311179277900957	0.03333333333333333	12.933537833702871
1	271	154.02369388064338	98.85373870174914	3.0	98.85373870174914	0.4725341277471246	0.03333333333333333	14.176023832413739
1	272	153.93006984435368	98.09811813965686	3.033333333333333	98.09811813965686	0.578172997150491	0.03333333333333333	17.34518991451473
2	272	153.75661851652075	156.96912695052913	3.033333333333333	156.96912695052913	0.6273746005573725	0.03333333333333333	18.821238016721175
1	273	154.01883154897698	97.47262422028624	3.0666666666666664	97.47262422028624	0.3973194915729558	0.03333333333333333	11.919584747188674
2	273	153.7493285967201	156.34206980598557	3.0666666666666664	156.34206980598557	0.39144994177838943	0.03333333333333333	11.743498253351683
2	274	153.67166920115412	155.50147125370162	3.1	155.50147125370162	0.7114485825639937	0.03333333333333333	21.34345747691981
1	274	154.02892348540286	96.75872187256826	3.1	96.75872187256826	0.5080691585203411	0.03333333333333333	15.242074755610233
2	275	153.50994921683625	154.78541286102242	3.1333333333333333	154.78541286102242	0.5372542552074315	0.03333333333333333	16.117627656222947
1	275	154.00163813049016	96.15734305850992	3.1333333333333333	96.15734305850992	0.36059346456231434	0.03333333333333333	10.81780393686943
1	276	153.97229285005164	95.4418797853262	3.1666666666666665	95.4418797853262	0.51106440593676	0.03333333333333333	15.331932178102798
2	276	153.38965632106115	154.1207460587357	3.1666666666666665	154.1207460587357	0.4544920570490815	0.03333333333333333	13.634761711472446
2	277	153.29774948788642	153.37409300094217	3.2	153.37409300094217	0.5643528105124682	0.03333333333333333	16.93058431537405
1	277	153.85764839283345	94.67307463867249	3.2	94.67307463867249	0.6027069277120994	0.03333333333333333	18.081207831362985
1	278	154.05253011145453	93.86023064640457	3.2333333333333334	93.86023064640457	0.6974612736039202	0.03333333333333333	20.923838208117605
2	278	153.26477766832568	152.60536684243283	3.2333333333333334	152.60536684243283	0.5905002276298582	0.03333333333333333	17.715006828895746
2	279	153.30737192379763	151.89502455074472	3.2666666666666666	151.89502455074472	0.5047058866051731	0.03333333333333333	15.141176598155194
1	279	154.01326495565462	93.15116705458055	3.2666666666666666	93.15116705458055	0.5026151320210023	0.03333333333333333	15.078453960630068
2	280	153.39844949583622	151.10516145985926	3.3	151.10516145985926	0.6307523163086495	0.03333333333333333	18.922569489259484
1	280	153.95025549025698	92.26378806826544	3.3	92.26378806826544	0.7905001539747523	0.03333333333333333	23.715004619242567
2	281	153.27278649981204	150.28817052099416	3.3333333333333335	150.28817052099416	0.6819846205760783	0.03333333333333333	20.45953861728235
1	281	153.89140562378438	91.54743566543415	3.3333333333333335	91.54743566543415	0.51494600577967	0.03333333333333333	15.448380173390099
2	282	153.30939514696277	149.58938455028525	3.3666666666666667	149.58938455028525	0.48792265404116025	0.03333333333333333	14.637679621234808
1	282	154.01290145927157	90.83172336233234	3.3666666666666667	90.83172336233234	0.5253450378401665	0.03333333333333333	15.760351135204996
1	283	153.76461843370092	90.11711588610626	3.4	90.11711588610626	0.5707370926320392	0.03333333333333333	17.122112778961178
2	283	153.2342928676391	148.91498615602103	3.4	148.91498615602103	0.45869776696253073	0.03333333333333333	13.760933008875922
1	284	153.71441948017858	89.29852694632645	3.433333333333333	89.29852694632645	0.6712950128146392	0.03333333333333333	20.138850384439177
2	284	153.2891652381857	148.06584588645202	3.433333333333333	148.06584588645202	0.7228993965168781	0.03333333333333333	21.686981895506342
2	285	153.30608319670426	147.30489866926138	3.466666666666667	147.30489866926138	0.5777710938983113	0.03333333333333333	17.333132816949337
1	285	153.46737502783847	88.5863792347547	3.466666666666667	88.5863792347547	0.5666052493525942	0.03333333333333333	16.998157480577824
2	286	153.37473069976596	146.53024191732285	3.5	146.53024191732285	0.6033092501920664	0.03333333333333333	18.099277505761993
1	286	153.4178951169054	87.9769413374818	3.5	87.9769413374818	0.37205520603682934	0.03333333333333333	11.161656181104881
2	287	153.4381761970766	145.75538466479847	3.533333333333333	145.75538466479847	0.6029318621315886	0.03333333333333333	18.087955863947656
1	287	153.25621333683904	87.18092812916349	3.533333333333333	87.18092812916349	0.65842782256364	0.03333333333333333	19.7528346769092
1	288	153.22694309294153	86.62427914466106	3.5666666666666664	86.62427914466106	0.3089308610369448	0.03333333333333333	9.267925831108343
2	288	153.51872621176744	145.0445949322261	3.5666666666666664	145.0445949322261	0.5100242317654803	0.03333333333333333	15.300726952964409
1	289	153.19490656078654	85.8325386069562	3.6	85.8325386069562	0.6264415505263025	0.03333333333333333	18.793246515789075
2	289	153.61456423702575	144.26504308222283	3.6	144.26504308222283	0.61541976833937	0.03333333333333333	18.4625930501811
1	290	153.24226175947427	85.03529191489065	3.6333333333333333	85.03529191489065	0.6364334809228789	0.03333333333333333	19.093004427686367
2	290	153.69005019520847	143.6273601498406	3.6333333333333333	143.6273601498406	0.4105420749865426	0.03333333333333333	12.316262249596278
2	291	153.66604389216891	142.92300808801477	3.6666666666666665	142.92300808801477	0.4949788525880189	0.03333333333333333	14.849365577640567
1	291	153.33823836524024	84.36396233850672	3.6666666666666665	84.36396233850672	0.4581385198032542	0.03333333333333333	13.744155594097627
2	292	153.82274001080788	142.25607836192088	3.6999999999999997	142.25607836192088	0.46760330804134037	0.03333333333333333	14.028099241240211
1	292	153.4317301250144	83.61480401306251	3.6999999999999997	83.61480401306251	0.5684026675908574	0.03333333333333333	17.052080027725722
2	293	153.83427362888074	141.54300542660962	3.7333333333333334	141.54300542660962	0.5069149519274301	0.03333333333333333	15.207448557822902
1	293	153.5739799609699	82.97504064268195	3.7333333333333334	82.97504064268195	0.4277478100158037	0.03333333333333333	12.83243430047411
2	294	153.7635107204778	140.952465323186	3.7666666666666666	140.952465323186	0.35193875663535684	0.03333333333333333	10.558162699060706
1	294	153.6957125861714	82.27034670669951	3.7666666666666666	82.27034670669951	0.509725777661849	0.03333333333333333	15.29177332985547
2	295	153.8851383315037	140.1931315147518	3.8	140.1931315147518	0.5898527821756944	0.03333333333333333	17.695583465270833
1	295	153.7322285013354	81.62666330521205	3.8	81.62666330521205	0.4138680505986369	0.03333333333333333	12.416041517959107
2	296	153.87920067308966	139.44306601091947	3.8333333333333335	139.44306601091947	0.5610417411197152	0.03333333333333333	16.831252233591457
1	296	153.69117937890462	80.88512995592005	3.8333333333333335	80.88512995592005	0.5499424320526628	0.03333333333333333	16.498272961579886
1	297	153.7136073589136	80.16245822761496	3.8666666666666667	80.16245822761496	0.5210897477959717	0.03333333333333333	15.632692433879152
2	297	153.75645274520443	138.88722285043983	3.8666666666666667	138.88722285043983	0.3222348467834156	0.03333333333333333	9.667045403502467
1	298	153.7644067461807	79.45659088597769	3.9	79.45659088597769	0.4991261682505602	0.03333333333333333	14.973785047516806
2	298	153.6601047931911	138.24376247751965	3.9	138.24376247751965	0.4215353606891519	0.03333333333333333	12.646060820674556
2	299	153.61095326137078	137.30863403744235	3.933333333333333	137.30863403744235	0.8763137241994853	0.03333333333333333	26.289411725984557
1	299	153.69344784165526	78.61126907125247	3.933333333333333	78.61126907125247	0.7184386255852496	0.03333333333333333	21.553158767557488
2	300	153.5534023053479	136.6854467157896	3.966666666666667	136.6854467157896	0.38987020249750964	0.03333333333333333	11.69610607492529
1	300	153.77029341721848	77.94351017599651	3.966666666666667	77.94351017599651	0.45004234700785734	0.03333333333333333	13.50127041023572
2	301	153.58487589217026	135.88096261753188	4.0	135.88096261753188	0.6468022870550765	0.03333333333333333	19.404068611652296
1	301	153.69854556009602	77.07188876477052	4.0	77.07188876477052	0.7638623385863113	0.03333333333333333	22.91587015758934
2	302	153.6549161662571	134.98360380676314	4.033333333333333	134.98360380676314	0.8093187122133533	0.03333333333333333	24.2795613664006
1	302	153.72799986261018	76.44827303697228	4.033333333333333	76.44827303697228	0.38795924015509226	0.03333333333333333	11.638777204652769
2	303	153.69554536196412	134.3312651933771	4.066666666666666	134.3312651933771	0.4254102982959323	0.03333333333333333	12.762308948877969
1	303	153.68882775211296	75.62968206623928	4.066666666666666	75.62968206623928	0.6703099488402442	0.03333333333333333	20.109298465207328
2	304	153.7435301947204	133.51091623242974	4.1	133.51091623242974	0.6739701210921019	0.03333333333333333	20.219103632763055
1	304	153.84307526102592	74.95651438883971	4.1	74.95651438883971	0.4752107234227749	0.03333333333333333	14.256321702683248
2	305	153.7521762747135	132.84489758279318	4.133333333333333	132.84489758279318	0.4418829659479012	0.03333333333333333	13.256488978437037
1	305	153.80626159808529	74.27863674212884	4.133333333333333	74.27863674212884	0.45911803040296906	0.03333333333333333	13.773540912089071
1	306	153.9237011343649	73.50064881557049	4.166666666666667	73.50064881557049	0.6175965415382225	0.03333333333333333	18.527896246146675
2	306	153.92393072635195	132.09978443414656	4.166666666666667	132.09978443414656	0.5831494804480464	0.03333333333333333	17.49448441344139
2	307	153.94812396925224	131.26873911159578	4.2	131.26873911159578	0.6899653134152539	0.03333333333333333	20.698959402457618
1	307	153.98856518552313	72.71265603224131	4.2	72.71265603224131	0.6236949427813098	0.03333333333333333	18.710848283439294
1	308	154.12116380426028	71.97750449198979	4.233333333333333	71.97750449198979	0.5564289103049246	0.03333333333333333	16.692867309147736
2	308	154.03195941385798	130.41915834476094	4.233333333333333	130.41915834476094	0.7276810253243093	0.03333333333333333	21.830430759729282
1	309	154.10851388206777	71.3877467967639	4.266666666666667	71.3877467967639	0.34616932983661036	0.03333333333333333	10.385079895098311
2	309	154.0224536135427	129.8816018436415	4.266666666666667	129.8816018436415	0.2872954497514587	0.03333333333333333	8.618863492543761
2	310	154.15989414454933	129.21995759142214	4.3	129.21995759142214	0.4549031659871257	0.03333333333333333	13.647094979613772
1	310	154.16638897748325	70.72812971173002	4.3	70.72812971173002	0.4366669993024142	0.03333333333333333	13.100009979072427
2	311	154.2910874806859	128.4461890074142	4.333333333333333	128.4461890074142	0.6144608439125797	0.03333333333333333	18.43382531737739
1	311	154.11451612918458	70.05679264971667	4.333333333333333	70.05679264971667	0.45162099732236155	0.03333333333333333	13.548629919670846
1	312	154.00486214704918	69.32495675867038	4.366666666666666	69.32495675867038	0.5459856922952969	0.03333333333333333	16.37957076885891
2	312	154.28988922895024	127.80356972930485	4.366666666666666	127.80356972930485	0.4111657404468528	0.03333333333333333	12.334972213405583
1	313	153.98462134163722	68.678180386328	4.4	68.678180386328	0.41693754768271185	0.03333333333333333	12.508126430481356
2	313	154.2403254919282	127.21690343096635	4.4	127.21690343096635	0.3448294760066315	0.03333333333333333	10.344884280198945
2	314	154.1381564147991	126.48223346500325	4.433333333333334	126.48223346500325	0.5485614454818627	0.03333333333333333	16.45684336445588
1	314	154.00959624307043	67.90618921780423	4.433333333333334	67.90618921780423	0.5950780383934614	0.03333333333333333	17.85234115180384
1	315	153.81769242119032	67.22800006403168	4.466666666666667	67.22800006403168	0.49505844484033473	0.03333333333333333	14.851753345210042
2	315	154.08340214737044	125.81096577807794	4.466666666666667	125.81096577807794	0.45183530958922613	0.03333333333333333	13.555059287676784
2	316	154.02652170273257	125.06618200385692	4.5	125.06618200385692	0.5563367970837347	0.03333333333333333	16.690103912512043
1	316	153.89039847067434	66.66884474875324	4.5	66.66884474875324	0.31615117224494066	0.03333333333333333	9.48453516734822
1	317	153.93740549356744	65.83152390053097	4.533333333333333	65.83152390053097	0.7020975429962585	0.03333333333333333	21.062926289887756
2	317	154.01025374102474	124.40562927995528	4.533333333333333	124.40562927995528	0.434815763445356	0.03333333333333333	13.04447290336068
2	318	153.930350797749	123.61591558177895	4.566666666666666	123.61591558177895	0.6286000064244001	0.03333333333333333	18.858000192732003
1	318	154.04607576087875	64.95987707389571	4.566666666666666	64.95987707389571	0.770592402691801	0.03333333333333333	23.11777208075403
1	319	154.1757882223426	63.41173954080861	4.6	63.41173954080861	2.424053786352679	0.03333333333333333	72.72161359058038
2	319	153.87053517150997	122.1140737875606	4.6	122.1140737875606	2.26819445958608	0.03333333333333333	68.04583378758241
1	320	154.15335650155623	62.035415186719405	4.633333333333333	62.035415186719405	1.9007466081903446	0.03333333333333333	57.022398245710335
2	320	153.64911269842224	120.69728711881474	4.633333333333333	120.69728711881474	2.0636280033388896	0.03333333333333333	61.90884010016669
2	321	153.53487087061208	119.09819004547272	4.666666666666667	119.09819004547272	2.582142071819441	0.03333333333333333	77.46426215458324
1	321	154.1989914224005	60.56653014973252	4.666666666666667	60.56653014973252	2.1679131087509194	0.03333333333333333	65.03739326252759
1	322	154.02951738462022	59.29497598665584	4.7	59.29497598665584	1.649614059189049	0.03333333333333333	49.48842177567147
2	322	153.23518130152542	117.64717991152736	4.7	117.64717991152736	2.2037637887283488	0.03333333333333333	66.11291366185047
2	323	153.20753204302747	116.00782460080102	4.733333333333333	116.00782460080102	2.701377864678709	0.03333333333333333	81.04133594036126
1	323	153.770659476306	57.75763145735848	4.733333333333333	57.75763145735848	2.4410914988591976	0.03333333333333333	73.23274496577594
1	324	153.63741480078252	56.39082509397995	4.766666666666667	56.39082509397995	1.8918168739417474	0.03333333333333333	56.75450621825242
2	324	153.49531120758562	114.32496476641576	4.766666666666667	114.32496476641576	2.9302359591239355	0.03333333333333333	87.90707877371807
2	325	153.48043730502056	112.85843093885471	4.8	112.85843093885471	2.1590734658145974	0.03333333333333333	64.77220397443793
1	325	153.46218994649627	54.84722428294373	4.8	54.84722428294373	2.4239044803780883	0.03333333333333333	72.71713441134266
1	326	153.58562519598996	53.383590313375905	4.833333333333333	53.383590313375905	2.1656483404567592	0.03333333333333333	64.96945021370279
2	326	153.30362029255068	111.37775433410064	4.833333333333333	111.37775433410064	2.232438784676437	0.03333333333333333	66.9731635402931
2	327	153.31258214760487	109.74474727976882	4.866666666666666	109.74474727976882	2.679709322800513	0.03333333333333333	80.39127968401539
1	327	153.69089879494632	51.921363205296906	4.866666666666666	51.921363205296906	2.1573061288087456	0.03333333333333333	64.71918386426238
2	328	153.19104083066003	108.96958894533212	4.9	108.96958894533212	0.614173340842696	0.03333333333333333	18.425200225280882
1	328	153.81263384414032	51.06792769580793	4.9	51.06792769580793	0.7420857046311291	0.03333333333333333	22.262571138933872
2	329	153.4458544766327	106.66568558449444	4.933333333333334	106.66568558449444	5.4175874459716	0.03333333333333333	162.527623379148
1	329	153.76973358383322	49.06092427063214	4.933333333333334	49.06092427063214	4.057666814403145	0.03333333333333333	121.73000443209436
1	330	153.76427324504758	48.40477334485036	4.966666666666667	48.40477334485036	0.4287802581614374	0.03333333333333333	12.863407744843121
2	330	153.35442754474084	106.02197733892064	4.966666666666667	106.02197733892064	0.4209299615379809	0.03333333333333333	12.627898846139427
1	331	153.77489460386457	47.752603467457064	5.0	47.752603467457064	0.42365100651465226	0.03333333333333333	12.709530195439568
2	331	153.46003592072134	105.10912647882719	5.0	105.10912647882719	0.8437468030882512	0.03333333333333333	25.312404092647537
1	332	153.8795578671286	47.002131231429026	5.033333333333333	47.002131231429026	0.5725957968045466	0.03333333333333333	17.1778739041364
2	332	153.48096651013438	104.47666499770872	5.033333333333333	104.47666499770872	0.3986443495270594	0.03333333333333333	11.959330485811781
2	333	153.49129459351394	103.74815386672668	5.066666666666666	103.74815386672668	0.5291816459160077	0.03333333333333333	15.875449377480232
1	333	154.01070145528098	46.32428925793751	5.066666666666666	46.32428925793751	0.47493173641529024	0.03333333333333333	14.247952092458707
2	334	153.565117051819	102.92687871633413	5.1	102.92687871633413	0.6786517965198464	0.03333333333333333	20.359553895595393
1	334	153.99233154701997	45.60944653327977	5.1	45.60944653327977	0.5096508561879546	0.03333333333333333	15.289525685638637
1	335	154.12800221696608	44.928468294244425	5.133333333333333	44.928468294244425	0.48040831998396744	0.03333333333333333	14.412249599519024
2	335	153.57381140687173	102.14995653871878	5.133333333333333	102.14995653871878	0.6021846168632778	0.03333333333333333	18.065538505898335
2	336	153.6766977234355	101.36595551571013	5.166666666666667	101.36595551571013	0.6237984380491476	0.03333333333333333	18.713953141474427
1	336	154.1313832446749	44.146904018032686	5.166666666666667	44.146904018032686	0.6093727433279156	0.03333333333333333	18.281182299837468
1	337	154.17638120704757	43.40925554704039	5.2	43.40925554704039	0.5445251763580595	0.03333333333333333	16.335755290741787
2	337	153.61259884925943	100.5391271470102	5.2	100.5391271470102	0.6864867832612073	0.03333333333333333	20.594603497836218
1	338	154.24102183943566	42.76528041825744	5.233333333333333	42.76528041825744	0.4170906554112188	0.03333333333333333	12.512719662336565
2	338	153.85854190498233	99.77402347841571	5.233333333333333	99.77402347841571	0.6444822301649654	0.03333333333333333	19.334466904948965
1	339	154.2899191165753	41.36333575801418	5.266666666666667	41.36333575801418	1.974412860815461	0.03333333333333333	59.23238582446383
2	339	153.9353774947645	98.34984897781055	5.266666666666667	98.34984897781055	2.0413047548013346	0.03333333333333333	61.23914264404004
1	340	154.20581425424263	40.672554609964344	5.3	40.672554609964344	0.4825254658690994	0.03333333333333333	14.475763976072981
2	340	153.8399623048365	97.65024613232627	5.3	97.65024613232627	0.49684167034232535	0.03333333333333333	14.90525011026976
2	341	153.97319987073755	96.85959444879052	5.333333333333333	96.85959444879052	0.6414847241818789	0.03333333333333333	19.244541725456365
1	341	154.26704393621142	39.976711743269604	5.333333333333333	39.976711743269604	0.48622464227273426	0.03333333333333333	14.586739268182027
2	342	153.9105596956366	96.15455623534986	5.366666666666666	96.15455623534986	0.49929982222589664	0.03333333333333333	14.978994666776899
1	342	154.41170218979556	39.234449392811186	5.366666666666666	39.234449392811186	0.5703072652782087	0.03333333333333333	17.109217958346264
1	343	154.44843375669632	38.49820877984057	5.4	38.49820877984057	0.541769249396965	0.03333333333333333	16.25307748190895
2	343	153.95005985010505	95.46192845036995	5.4	95.46192845036995	0.4795628260606722	0.03333333333333333	14.386884781820166
2	344	153.8659127672014	94.79866944191359	5.433333333333334	94.79866944191359	0.4452237156412628	0.03333333333333333	13.356711469237883
1	344	154.47010764944898	37.89472986371529	5.433333333333334	37.89472986371529	0.3628488963250738	0.03333333333333333	10.885466889752214
1	345	154.45948979405688	37.151715276039255	5.466666666666667	37.151715276039255	0.5505703554971545	0.03333333333333333	16.517110664914636
2	345	153.9202360787586	94.0295570068675	5.466666666666667	94.0295570068675	0.5929639029788071	0.03333333333333333	17.78891708936421
1	346	154.46826498165666	36.52151190927957	5.5	36.52151190927957	0.39543078223070127	0.03333333333333333	11.862923466921039
2	346	153.9069240606297	93.25066825452316	5.5	93.25066825452316	0.6053535783234689	0.03333333333333333	18.16060734970407
1	347	154.41511746526538	35.82917955621283	5.533333333333333	35.82917955621283	0.4804191872013281	0.03333333333333333	14.412575616039843
2	347	153.80948771738326	92.40714861887112	5.533333333333333	92.40714861887112	0.7198583802523804	0.03333333333333333	21.59575140757141
2	348	153.84657007467663	91.69315186602094	5.566666666666666	91.69315186602094	0.5094794704037879	0.03333333333333333	15.284384112113639
1	348	154.4823522670734	35.10538000687179	5.566666666666666	35.10538000687179	0.526748480330154	0.03333333333333333	15.80245440990462
2	349	153.74542201669001	90.76403463193176	5.6	90.76403463193176	0.8729079474022694	0.03333333333333333	26.18723842206808
1	349	154.51415953384026	34.34437731588139	5.6	34.34437731588139	0.5785828139394551	0.03333333333333333	17.357484418183653
2	350	153.67633968137778	90.19569954341972	5.633333333333333	90.19569954341972	0.3259810338744596	0.03333333333333333	9.779431016233788
1	350	154.5517666691665	33.703654262933476	5.633333333333333	33.703654262933476	0.4101445324465035	0.03333333333333333	12.304335973395105
1	351	154.45561230166763	33.00689277807522	5.666666666666667	33.00689277807522	0.49301008575320054	0.03333333333333333	14.790302572596017
2	351	153.52882803654757	89.55106426553209	5.666666666666667	89.55106426553209	0.4355361443454586	0.03333333333333333	13.06608433036376
1	352	154.44167797750978	32.452875548832104	5.7	32.452875548832104	0.30534840484782333	0.03333333333333333	9.1604521454347
2	352	153.3456818029839	88.66660142114964	5.7	88.66660142114964	0.8149993812126799	0.03333333333333333	24.449981436380398
2	353	153.23046042429908	88.09894814998894	5.733333333333333	88.09894814998894	0.3337060527473313	0.03333333333333333	10.011181582419939
1	353	154.33861195645417	31.625023099109715	5.733333333333333	31.625023099109715	0.6947207299552192	0.03333333333333333	20.841621898656577
1	354	154.26958217303417	30.97430237608884	5.766666666666667	30.97430237608884	0.42641720548601764	0.03333333333333333	12.79251616458053
2	354	153.14122707897081	87.41259598010383	5.766666666666667	87.41259598010383	0.4773082770543951	0.03333333333333333	14.319248311631853
1	355	154.22600053234186	30.28515774156085	5.8	30.28515774156085	0.47508323288343246	0.03333333333333333	14.252496986502974
2	355	153.03740579295285	86.72670240934224	5.8	86.72670240934224	0.47949808032597424	0.03333333333333333	14.384942409779228
1	356	154.19792415021982	29.54249500327007	5.833333333333333	29.54249500327007	0.5507234694978967	0.03333333333333333	16.521704084936903
2	356	153.12301351519648	85.94057804010242	5.833333333333333	85.94057804010242	0.6238756464103434	0.03333333333333333	18.716269392310302
2	357	153.24677564878755	85.11426123361557	5.866666666666666	85.11426123361557	0.6968817437665672	0.03333333333333333	20.906452312997015
1	357	154.0557875547326	28.869389624114252	5.866666666666666	28.869389624114252	0.4715327836794824	0.03333333333333333	14.145983510384474
1	358	154.06645288031658	28.081904695922745	5.9	28.081904695922745	0.6187885877525205	0.03333333333333333	18.563657632575616
2	358	153.20092694621655	84.47404651949141	5.9	84.47404651949141	0.4101812089461184	0.03333333333333333	12.305436268383552
2	359	153.2889167765417	83.7259514364423	5.933333333333334	83.7259514364423	0.5658066925703767	0.03333333333333333	16.974200777111303
1	359	154.02547713225832	27.379818832861933	5.933333333333334	27.379818832861933	0.4928912558407752	0.03333333333333333	14.786737675223256
2	360	153.37387414767224	83.02683702193768	5.966666666666667	83.02683702193768	0.494268403676822	0.03333333333333333	14.828052110304661
1	360	154.04810760218902	26.575069027710065	5.966666666666667	26.575069027710065	0.6467512816034353	0.03333333333333333	19.40253844810306
2	361	153.47587895448257	82.25531024783328	6.0	82.25531024783328	0.6041643151385293	0.03333333333333333	18.12492945415588
1	361	153.9700182229991	25.962745233727652	6.0	25.962745233727652	0.3792315942655109	0.03333333333333333	11.376947827965328
1	362	154.0058634679481	25.343707085466985	6.033333333333333	25.343707085466985	0.3826869583421417	0.03333333333333333	11.480608750264253
2	362	153.45423740705039	81.54876364381104	6.033333333333333	81.54876364381104	0.4979716139074451	0.03333333333333333	14.939148417223354
1	363	153.8773060662969	24.552576960228706	6.066666666666666	24.552576960228706	0.6410149877112997	0.03333333333333333	19.230449631338992
2	363	153.53871656747523	80.98840172920801	6.066666666666666	80.98840172920801	0.31935028036128044	0.03333333333333333	9.580508410838414
1	364	153.80680521373958	23.885905338720452	6.1	23.885905338720452	0.4476542270740041	0.03333333333333333	13.429626812220123
2	364	153.45005315958832	80.37425808083898	6.1	80.37425808083898	0.38322758144055163	0.03333333333333333	11.49682744321655
2	365	153.6103855135117	79.58042859039195	6.133333333333333	79.58042859039195	0.6545103680128235	0.03333333333333333	19.635311040384703
1	365	153.72820055709587	23.1192917368187	6.133333333333333	23.1192917368187	0.5923526151074465	0.03333333333333333	17.770578453223397
1	366	153.512106066933	22.490597162917453	6.166666666666667	22.490597162917453	0.44017953127685294	0.03333333333333333	13.205385938305588
2	366	153.59045602633068	78.91182795223308	6.166666666666667	78.91182795223308	0.4456548789266453	0.03333333333333333	13.369646367799358
2	367	153.5253791319956	78.03655295141209	6.2	78.03655295141209	0.7693518160882843	0.03333333333333333	23.08055448264853
1	367	153.5386668465053	21.724899519381644	6.2	21.724899519381644	0.5854599027004401	0.03333333333333333	17.563797081013202
1	368	153.43684829641182	20.92408824834104	6.233333333333333	20.92408824834104	0.6502924738708007	0.03333333333333333	19.50877421612402
2	368	153.54266010701383	77.39047391905267	6.233333333333333	77.39047391905267	0.41592430206549	0.03333333333333333	12.4777290619647
2	369	153.48776919159857	76.74012491187881	6.266666666666667	76.74012491187881	0.4241798617961062	0.03333333333333333	12.725395853883185
1	369	153.4398378479839	20.08065816007197	6.266666666666667	20.08065816007197	0.7101908564896398	0.03333333333333333	21.305725694689194
1	370	153.47434474072074	19.331153364004482	6.3	19.331153364004482	0.5613570461351461	0.03333333333333333	16.840711384054384
2	370	153.5782665880601	75.76659959504569	6.3	75.76659959504569	0.9557291583033528	0.03333333333333333	28.671874749100585
2	371	153.64851572940856	75.0554048595243	6.333333333333333	75.0554048595243	0.5090452028233122	0.03333333333333333	15.271356084699367
1	371	153.56149016527388	18.586238801583608	6.333333333333333	18.586238801583608	0.5608999609851527	0.03333333333333333	16.826998829554583
2	372	153.6852942962951	74.19148503184563	6.366666666666666	74.19148503184563	0.7466400069355317	0.03333333333333333	22.39920020806595
1	372	153.70303824211706	17.761321392553825	6.366666666666666	17.761321392553825	0.699297405895609	0.03333333333333333	20.97892217686827
2	373	153.82414171127442	73.4321169384795	6.4	73.4321169384795	0.5944008333560764	0.03333333333333333	17.832025000682293
1	373	153.82347560309873	17.105788782869187	6.4	17.105788782869187	0.4424560532662421	0.03333333333333333	13.273681597987263
1	374	153.94949311058974	16.211665703095473	6.433333333333334	16.211665703095473	0.8145169266057014	0.03333333333333333	24.43550779817104
2	374	153.83688036876237	72.61574650657515	6.433333333333334	72.61574650657515	0.6652925693560403	0.03333333333333333	19.95877708068121
2	375	153.96787615572913	71.92238719513455	6.466666666666667	71.92238719513455	0.4961995505015002	0.03333333333333333	14.885986515045007
1	375	154.00262794521194	15.556458901541749	6.466666666666667	15.556458901541749	0.4303368699566577	0.03333333333333333	12.910106098699732
2	376	154.01845371949508	71.16468556223138	6.5	71.16468556223138	0.5751081755363747	0.03333333333333333	17.25324526609124
1	376	154.0624213412446	14.871526678876233	6.5	14.871526678876233	0.470965825674969	0.03333333333333333	14.12897477024907
2	377	154.02566987180862	70.56239331857688	6.533333333333333	70.56239331857688	0.36100048171032273	0.03333333333333333	10.830014451309681
1	377	153.99753321920534	14.198247301529147	6.533333333333333	14.198247301529147	0.45575664033334323	0.03333333333333333	13.672699210000298
1	378	154.17126000917514	13.459128365311422	6.566666666666666	13.459128365311422	0.5749156972370966	0.03333333333333333	17.247470917112896
2	378	153.98264260014912	69.80184608313904	6.566666666666666	69.80184608313904	0.5787297872060775	0.03333333333333333	17.361893616182325
2	379	153.95271750010141	69.15190047544418	6.6	69.15190047544418	0.4215359863130662	0.03333333333333333	12.646079589391986
1	379	154.10699676462397	12.830523568741881	6.6	12.830523568741881	0.39747202259925757	0.03333333333333333	11.924160677977728
2	380	153.862838076935	68.49318343147422	6.633333333333333	68.49318343147422	0.4402123192974691	0.03333333333333333	13.206369578924074
1	380	154.1969031416765	12.078533362737224	6.633333333333333	12.078533362737224	0.5720039598530086	0.03333333333333333	17.160118795590257
2	381	153.80412641076575	67.83439624912283	6.666666666666667	67.83439624912283	0.435669540918288	0.03333333333333333	13.070086227548641
1	381	154.2931741748641	11.36842052031158	6.666666666666667	11.36842052031158	0.5118451955184372	0.03333333333333333	15.355355865553117
2	382	153.8256169285642	67.02605354399789	6.7	67.02605354399789	0.6525127729348836	0.03333333333333333	19.57538318804651
1	382	154.34876019450218	10.808182825211658	6.7	10.808182825211658	0.31516714348044944	0.03333333333333333	9.455014304413483
2	383	153.77305239196644	66.37377531033107	6.733333333333333	66.37377531033107	0.4264445798830929	0.03333333333333333	12.793337396492788
1	383	154.333998426068	10.156149815461054	6.733333333333333	10.156149815461054	0.4235775482192215	0.03333333333333333	12.707326446576646
2	384	153.84285323942836	65.66927564322822	6.766666666666667	65.66927564322822	0.49948937359688106	0.03333333333333333	14.984681207906432
1	384	154.3257003046217	9.502091494770069	6.766666666666667	9.502091494770069	0.42607553012784577	0.03333333333333333	12.782265903835373
2	385	153.86564487363162	64.82613619292093	6.8	64.82613619292093	0.7102112624658962	0.03333333333333333	21.306337873976886
1	385	154.3762748684031	8.97665102655082	6.8	8.97665102655082	0.27689698972563104	0.03333333333333333	8.306909691768931
1	386	154.49970985535498	8.365337043729996	6.833333333333333	8.365337043729996	0.3871358697457869	0.03333333333333333	11.614076092373606
2	386	153.92444177641164	64.22596027362563	6.833333333333333	64.22596027362563	0.36186060776539103	0.03333333333333333	10.855818232961731
2	387	153.89929683561095	63.421565643109616	6.866666666666666	63.421565643109616	0.6462986293372966	0.03333333333333333	19.3889588801189
1	387	154.33514187793	7.797167389590382	6.866666666666666	7.797167389590382	0.34809402072030826	0.03333333333333333	10.442820621609249
2	388	154.0349244269343	62.65551976827423	6.8999999999999995	62.65551976827423	0.6037258277174758	0.03333333333333333	18.111774831524276
1	388	154.30450995135374	7.2766918803477685	6.8999999999999995	7.2766918803477685	0.27009440031778537	0.03333333333333333	8.10283200953356
2	389	154.08418543287897	61.81633877561366	6.933333333333334	61.81633877561366	0.705443728951333	0.03333333333333333	21.163311868539992
1	389	154.27941253949538	6.635204317490918	6.933333333333334	6.635204317490918	0.4103404856497691	0.03333333333333333	12.310214569493073
2	390	153.98945963318766	61.12910391740204	6.966666666666667	61.12910391740204	0.4795340050250867	0.03333333333333333	14.386020150752602
1	390	154.09378692691334	5.8803496986423855	6.966666666666667	5.8803496986423855	0.6027647266763336	0.03333333333333333	18.08294180029001
1	391	154.22992512496612	4.704254777256927	7.0	4.704254777256927	1.4040667446274957	0.03333333333333333	42.12200233882487
2	391	154.01305097030814	60.36007875400753	7.0	60.36007875400753	0.5904292678421922	0.03333333333333333	17.712878035265767
