id	FRAME	POSITION_X	POSITION_Y	t	y	delta_r	delta_t	v
1	216	152.82649130663427	223.75985557919856	0.0	223.75985557919856	0.0	0.03333333333333333	0.0
4	216	149.22210833474898	183.63076253556702	0.0	183.63076253556702	0.0	0.03333333333333333	0.0
4	217	149.23343632411678	183.0908019440369	0.03333333333333333	183.0908019440369	0.2899207679498563	0.03333333333333333	8.697623038495689
1	217	152.87769858587367	223.07393655697956	0.03333333333333333	223.07393655697956	0.4713660062617709	0.03333333333333333	14.140980187853128
1	218	152.9360589734328	222.3331177679844	0.06666666666666667	222.3331177679844	0.5506054217757663	0.03333333333333333	16.51816265327299
4	218	149.1449933254575	182.3976443999433	0.06666666666666667	182.3976443999433	0.48656829239799987	0.03333333333333333	14.597048771939996
1	219	152.89732091629645	221.7309510281536	0.1	221.7309510281536	0.36229778872664176	0.03333333333333333	10.868933661799252
4	219	149.13422478502451	181.78063099385258	0.1	181.78063099385258	0.3790146845818303	0.03333333333333333	11.37044053745491
1	220	152.97575545606347	220.99366534735333	0.13333333333333333	220.99366534735333	0.5481242585858741	0.03333333333333333	16.443727757576223
4	220	149.24059655542598	181.11869322113614	0.13333333333333333	181.11869322113614	0.44770942819001097	0.03333333333333333	13.431282845700329
4	221	149.2437756491339	180.52586814658486	0.16666666666666666	180.52586814658486	0.3496459363251902	0.03333333333333333	10.489378089755705
1	221	152.95694567960987	220.3112622517706	0.16666666666666666	220.3112622517706	0.46427827810143346	0.03333333333333333	13.928348343043004
4	222	149.2567193915304	179.86721573587718	0.2	179.86721573587718	0.43220962662057566	0.03333333333333333	12.96628879861727
1	222	152.93174042190526	219.5282104682471	0.2	219.5282104682471	0.6123313758261837	0.03333333333333333	18.36994127478551
4	223	149.28776559464131	179.4318814750417	0.23333333333333334	179.4318814750417	0.18893017296008752	0.03333333333333333	5.667905188802625
1	223	152.941763548862	218.7903448526696	0.23333333333333334	218.7903448526696	0.5429181286265563	0.03333333333333333	16.28754385879669
1	224	152.9587945385343	218.23435913365188	0.26666666666666666	218.23435913365188	0.3076273104717921	0.03333333333333333	9.228819314153762
4	224	149.43927331986973	178.6530600008084	0.26666666666666666	178.6530600008084	0.6280839217935225	0.03333333333333333	18.842517653805675
1	225	152.9449169215857	217.59630447039126	0.3	217.59630447039126	0.405508148760021	0.03333333333333333	12.165244462800631
4	225	149.46431742276516	178.07791566218694	0.3	178.07791566218694	0.32962009485359056	0.03333333333333333	9.888602845607718
1	226	153.01240217786753	216.800246837967	0.3333333333333333	216.800246837967	0.6368518202583194	0.03333333333333333	19.105554607749582
4	226	149.50744103312618	177.50307563905488	0.3333333333333333	177.50307563905488	0.3305021169710543	0.03333333333333333	9.91506350913163
4	227	149.5891457061072	176.8106429546643	0.36666666666666664	176.8106429546643	0.48441447065879817	0.03333333333333333	14.532434119763945
1	227	153.12337210382853	216.37876752348348	0.36666666666666664	216.37876752348348	0.1884112197888831	0.03333333333333333	5.652336593666493
1	228	153.19247107127708	215.58597712483464	0.4	215.58597712483464	0.6318677356661746	0.03333333333333333	18.956032069985238
4	228	149.63153698322938	176.1277288499921	0.4	176.1277288499921	0.466421674152463	0.03333333333333333	13.99265022457389
4	229	149.72925124982436	175.48317459339057	0.43333333333333335	175.48317459339057	0.42321060306080355	0.03333333333333333	12.696318091824107
1	229	153.3138609936031	215.00163218040728	0.43333333333333335	215.00163218040728	0.3543878203384453	0.03333333333333333	10.631634610153359
1	230	153.50987872218897	214.3478469213839	0.4666666666666667	214.3478469213839	0.46410840480617344	0.03333333333333333	13.923252144185204
4	230	149.79706577915854	174.8659846191979	0.4666666666666667	174.8659846191979	0.38371634067994537	0.03333333333333333	11.511490220398361
1	231	153.60852618945248	213.62991117035224	0.5	213.62991117035224	0.5234995375635715	0.03333333333333333	15.704986126907144
4	231	149.79874813686197	174.06803983830628	0.5	174.06803983830628	0.635304343260148	0.03333333333333333	19.05913029780444
4	232	149.93286540048734	173.44550608692063	0.5333333333333333	173.44550608692063	0.40373667138437497	0.03333333333333333	12.112100141531249
1	232	153.7507875427311	213.026904297223	0.5333333333333333	213.026904297223	0.3820493010142983	0.03333333333333333	11.461479030428949
4	233	149.94249251873913	172.8662356842789	0.5666666666666667	172.8662356842789	0.33384666578770683	0.03333333333333333	10.015399973631204
1	233	153.72096793361314	212.378926063475	0.5666666666666667	212.378926063475	0.4189744805880468	0.03333333333333333	12.569234417641404
1	234	153.7991810367606	211.73166587188422	0.6	211.73166587188422	0.4232754258964729	0.03333333333333333	12.698262776894186
4	234	149.98218609372068	172.07707568945546	0.6	172.07707568945546	0.62290199198444	0.03333333333333333	18.6870597595332
4	235	149.98979368740342	171.48276892978217	0.6333333333333333	171.48276892978217	0.3514522551918664	0.03333333333333333	10.543567655755993
1	235	153.89352385525268	211.1227023294231	0.6333333333333333	211.1227023294231	0.3779301792949792	0.03333333333333333	11.337905378849376
4	236	149.9372776765166	170.7447478238201	0.6666666666666666	170.7447478238201	0.545810668921207	0.03333333333333333	16.37432006763621
1	236	153.99964534977158	210.48162072340745	0.6666666666666666	210.48162072340745	0.4204578533683043	0.03333333333333333	12.61373560104913
1	237	153.97483085102675	209.79017341670502	0.7	209.79017341670502	0.47698110255703563	0.03333333333333333	14.30943307671107
4	237	150.00776265782991	170.13025960628167	0.7	170.13025960628167	0.38075737723841335	0.03333333333333333	11.422721317152401
4	238	149.90043623870795	169.4809408479459	0.7333333333333333	169.4809408479459	0.43135221495776743	0.03333333333333333	12.940566448733023
1	238	154.01795323505925	209.17425618867404	0.7333333333333333	209.17425618867404	0.37940681464892456	0.03333333333333333	11.382204439467737
1	239	154.0330298531789	208.54431066643818	0.7666666666666666	208.54431066643818	0.3952560964890002	0.03333333333333333	11.857682894670006
4	239	149.89616499710786	168.83510350077904	0.7666666666666666	168.83510350077904	0.4153313146424194	0.03333333333333333	12.459939439272583
4	240	149.90533751138972	168.05890955234312	0.8	168.05890955234312	0.6010594122720769	0.03333333333333333	18.031782368162308
1	240	154.2050408354962	207.78015336298603	0.8	207.78015336298603	0.6120494311924471	0.03333333333333333	18.361482935773413
4	241	149.84732046373267	167.62765071916118	0.8333333333333334	167.62765071916118	0.1878042334975535	0.03333333333333333	5.634127004926605
1	241	154.21913821905218	207.29636468762692	0.8333333333333334	207.29636468762692	0.23258138658022157	0.03333333333333333	6.9774415974066475
1	242	154.19497597154742	206.60007728115403	0.8666666666666667	206.60007728115403	0.48367475796837545	0.03333333333333333	14.510242739051263
4	242	149.93479180204494	166.8634839916723	0.8666666666666667	166.8634839916723	0.5900742109387372	0.03333333333333333	17.70222632816212
4	243	149.81977705925271	166.50280650260885	0.9	166.50280650260885	0.1419516407453753	0.03333333333333333	4.2585492223612595
1	243	154.2879769128385	205.85818557663484	0.9	205.85818557663484	0.5574532984604996	0.03333333333333333	16.72359895381499
1	244	154.35445715811986	205.28792056453756	0.9333333333333333	205.28792056453756	0.3278246536884446	0.03333333333333333	9.834739610653338
4	244	149.8975031393401	165.84302700556245	0.9333333333333333	165.84302700556245	0.43957562741851636	0.03333333333333333	13.187268822555492
1	245	154.4128232368378	204.5023535094937	0.9666666666666667	204.5023535094937	0.6190652314869478	0.03333333333333333	18.571956944608434
4	245	149.9942727323699	165.21935641072173	0.9666666666666667	165.21935641072173	0.3965272686118219	0.03333333333333333	11.895818058354658
4	246	149.95965422657522	164.53176802229774	1.0	164.53176802229774	0.47223621977839125	0.03333333333333333	14.167086593351737
1	246	154.49789453620932	203.7266446948156	1.0	203.7266446948156	0.6074751883301731	0.03333333333333333	18.224255649905192
4	247	149.9996716069614	163.90985387818668	1.0333333333333332	163.90985387818668	0.3865733360795061	0.03333333333333333	11.597200082385184
1	247	154.4394134300354	203.13510459946949	1.0333333333333332	203.13510459946949	0.3515335621155779	0.03333333333333333	10.546006863467337
4	248	149.9452941047087	163.13797310199448	1.0666666666666667	163.13797310199448	0.5972459240665785	0.03333333333333333	17.917377721997354
1	248	154.47835918377888	202.38393215340068	1.0666666666666667	202.38393215340068	0.5641916317092646	0.03333333333333333	16.92574895127794
1	249	154.51604928754352	201.7779756656445	1.1	201.7779756656445	0.36679603149354034	0.03333333333333333	11.00388094480621
4	249	150.00610626936452	162.50001216309988	1.1	162.50001216309988	0.4088958129119228	0.03333333333333333	12.266874387357683
4	250	150.02887028721642	161.80534084253983	1.1333333333333333	161.80534084253983	0.4813581291823964	0.03333333333333333	14.440743875471892
1	250	154.5230080739827	201.12854327123105	1.1333333333333333	201.12854327123105	0.4200210257056059	0.03333333333333333	12.600630771168177
4	251	149.9657080242153	161.11160868358832	1.1666666666666667	161.11160868358832	0.4835283732895811	0.03333333333333333	14.505851198687433
1	251	154.48446838349997	200.1932613875969	1.1666666666666667	200.1932613875969	0.8756674105979958	0.03333333333333333	26.270022317939873
1	252	154.54837444855218	199.53911376790023	1.2	199.53911376790023	0.4302106015542749	0.03333333333333333	12.906318046628247
4	252	150.016982697578	160.55359519386045	1.2	160.55359519386045	0.31222147591640675	0.03333333333333333	9.366644277492203
1	253	154.62250888727584	198.78335755720832	1.2333333333333334	198.78335755720832	0.5751016717728465	0.03333333333333333	17.253050153185395
4	253	149.87458131340443	159.8486003846879	1.2333333333333334	159.8486003846879	0.5156188877597102	0.03333333333333333	15.468566632791307
4	254	149.9047836119919	159.23922172628275	1.2666666666666666	159.23922172628275	0.37044683066990775	0.03333333333333333	11.113404920097233
1	254	154.57139406441593	198.1101082869513	1.2666666666666666	198.1101082869513	0.4541166305767153	0.03333333333333333	13.62349891730146
4	255	149.79840887083543	158.70501482713328	1.3	158.70501482713328	0.2949220298214819	0.03333333333333333	8.847660894644457
1	255	154.60564201206714	197.43304271184346	1.3	197.43304271184346	0.45783399520025775	0.03333333333333333	13.735019856007733
4	256	149.7519634021071	158.11883372377216	1.3333333333333333	158.11883372377216	0.3439613041859374	0.03333333333333333	10.318839125578123
1	256	154.57403071447231	196.52771796020852	1.3333333333333333	196.52771796020852	0.8198133565401045	0.03333333333333333	24.594400696203135
4	257	149.7319187197815	157.58665296861818	1.3666666666666667	157.58665296861818	0.2818630192302107	0.03333333333333333	8.45589057690632
1	257	154.51460439697414	195.6948318665766	1.3666666666666667	195.6948318665766	0.695993159219624	0.03333333333333333	20.87979477658872
4	258	149.63128772243144	156.98259117740352	1.4	156.98259117740352	0.37320972561508237	0.03333333333333333	11.196291768452472
1	258	154.6878395428663	194.71135739685158	1.4	194.71135739685158	0.9972188339802364	0.03333333333333333	29.91656501940709
1	259	154.62127951027597	194.0480298649836	1.4333333333333333	194.0480298649836	0.44266173419386956	0.03333333333333333	13.279852025816087
4	259	149.69002436390969	156.4850505119889	1.4333333333333333	156.4850505119889	0.24929335316781376	0.03333333333333333	7.4788005950344125
1	260	154.74185686667147	193.2758835381218	1.4666666666666666	193.2758835381218	0.6092671810365478	0.03333333333333333	18.27801543109643
4	260	149.57413215549676	155.8467234862853	1.4666666666666666	155.8467234862853	0.419101958678992	0.03333333333333333	12.573058760369761
1	261	154.70522008996116	192.509263602822	1.5	192.509263602822	0.5875146420121117	0.03333333333333333	17.62543926036335
4	261	149.5129121715747	155.20361548474975	1.5	155.20361548474975	0.4155431089487418	0.03333333333333333	12.466293268462254
4	262	149.58112229509084	154.50226206558526	1.5333333333333332	154.50226206558526	0.4948397587543842	0.03333333333333333	14.845192762631525
1	262	154.7475705648838	191.7812383985849	1.5333333333333332	191.7812383985849	0.5301625322534401	0.03333333333333333	15.904875967603203
1	263	154.70476380799914	191.05022718241943	1.5666666666666667	191.05022718241943	0.5345661115450165	0.03333333333333333	16.036983346350496
4	263	149.4745831208003	153.83149793187104	1.5666666666666667	153.83149793187104	0.4595202417387128	0.03333333333333333	13.785607252161384
4	264	149.45546880161487	153.3236351432982	1.6	153.3236351432982	0.25657332080881456	0.03333333333333333	7.697199624264437
1	264	154.6260388377975	190.355177788068	1.6	190.355177788068	0.48757142015975496	0.03333333333333333	14.627142604792649
4	265	149.41441658677988	152.62384456885667	1.6333333333333333	152.62384456885667	0.4896752214989713	0.03333333333333333	14.69025664496914
1	265	154.4975007111478	189.59626964428267	1.6333333333333333	189.59626964428267	0.5909378206373291	0.03333333333333333	17.728134619119874
4	266	149.32052737508647	151.9002140850855	1.6666666666666667	151.9002140850855	0.5308056933674699	0.03333333333333333	15.924170801024095
1	266	154.34621167146682	188.9279077074152	1.6666666666666667	188.9279077074152	0.46785072111915355	0.03333333333333333	14.035521633574607
4	267	149.30108701560786	151.07783044197168	1.7	151.07783044197168	0.6753921818101158	0.03333333333333333	20.261765454303475
1	267	154.2253488803006	188.2309058489024	1.7	188.2309058489024	0.49871567397447764	0.03333333333333333	14.961470219234329
1	268	154.04721636331232	187.29346592326542	1.7333333333333334	187.29346592326542	0.9101044716353816	0.03333333333333333	27.303134149061446
4	268	149.33135948622586	150.32432432381805	1.7333333333333334	150.32432432381805	0.5671088897335834	0.03333333333333333	17.0132666920075
1	269	153.79821175232314	186.53725359498748	1.7666666666666666	186.53725359498748	0.632438353079265	0.03333333333333333	18.97315059237795
4	269	149.15683283728043	149.56559164467134	1.7666666666666666	149.56559164467134	0.604641767302564	0.03333333333333333	18.13925301907692
4	270	149.23707760050843	148.9128420235493	1.8	148.9128420235493	0.4307392113316628	0.03333333333333333	12.922176339949885
1	270	153.7779241560683	185.77327628710842	1.8	185.77327628710842	0.5825277897884429	0.03333333333333333	17.475833693653286
4	271	149.3104141781179	148.0997655915977	1.8333333333333333	148.0997655915977	0.665140709537861	0.03333333333333333	19.95422128613583
1	271	153.78704820756246	184.89506295475326	1.8333333333333333	184.89506295475326	0.770356032905486	0.03333333333333333	23.11068098716458
4	272	149.21410268055882	147.5882866101466	1.8666666666666667	147.5882866101466	0.26914941181637686	0.03333333333333333	8.074482354491305
1	272	153.6393344609841	184.32731551728853	1.8666666666666667	184.32731551728853	0.34235286956865785	0.03333333333333333	10.270586087059735
4	273	149.26132499347875	146.9228985329336	1.9	146.9228985329336	0.4431998178214624	0.03333333333333333	13.295994534643873
1	273	153.76042399352605	183.4995002539197	1.9	183.4995002539197	0.6987117543204117	0.03333333333333333	20.96135262961235
1	274	153.84234168784516	182.72802140069942	1.9333333333333333	182.72802140069942	0.6003867381281796	0.03333333333333333	18.011602143845387
4	274	149.40145686595395	146.32839230074916	1.9333333333333333	146.32839230074916	0.37126694659052234	0.03333333333333333	11.138008397715671
4	275	149.42468669509012	145.58968349021964	1.9666666666666666	145.58968349021964	0.5446055801118252	0.03333333333333333	16.338167403354756
1	275	153.80245247972957	182.08624223973962	1.9666666666666666	182.08624223973962	0.41167669466813334	0.03333333333333333	12.350300840044
4	276	149.51079529571697	145.08756441900385	2.0	145.08756441900385	0.25781943119437484	0.03333333333333333	7.734582935831245
1	276	153.79831820480337	181.32612581129465	2.0	181.32612581129465	0.5762348820868145	0.03333333333333333	17.287046462604437
1	277	153.76848813499487	180.72281438486172	2.033333333333333	180.72281438486172	0.3630668350574332	0.03333333333333333	10.892005051722997
4	277	149.67131645813836	144.302010799673	2.033333333333333	144.302010799673	0.6414638659414753	0.03333333333333333	19.24391597824426
4	278	149.72684057349244	143.62894861439273	2.0666666666666664	143.62894861439273	0.45433518659953315	0.03333333333333333	13.630055597985995
1	278	153.85333540109912	179.90144638353627	2.0666666666666664	179.90144638353627	0.6805593741926634	0.03333333333333333	20.416781225779904
1	279	153.7937384297789	179.20148160289241	2.1	179.20148160289241	0.49178859061688973	0.03333333333333333	14.753657718506693
4	279	149.79671940193168	142.78296257819514	2.1	142.78296257819514	0.7194131201521299	0.03333333333333333	21.582393604563897
4	280	149.84815960794919	142.1380510897821	2.1333333333333333	142.1380510897821	0.41676499658568106	0.03333333333333333	12.502949897570431
1	280	153.83412035490878	178.3282195986376	2.1333333333333333	178.3282195986376	0.7632055724808412	0.03333333333333333	22.896167174425237
1	281	153.88619871682113	177.65080866400712	2.1666666666666665	177.65080866400712	0.4598432095367114	0.03333333333333333	13.795296286101342
4	281	149.92246365545668	141.56504878312114	2.1666666666666665	141.56504878312114	0.3320533755044675	0.03333333333333333	9.961601265134025
1	282	153.91775332011082	176.73658544765098	2.2	176.73658544765098	0.8360656503995675	0.03333333333333333	25.081969511987026
4	282	149.91202439346606	140.64928786486695	2.2	140.64928786486695	0.8380007114649566	0.03333333333333333	25.140021343948696
1	283	154.02274863075598	176.0254661635824	2.2333333333333334	176.0254661635824	0.5150367359687142	0.03333333333333333	15.451102079061428
4	283	149.87368938792068	139.96963131761544	2.2333333333333334	139.96963131761544	0.4616500886448743	0.03333333333333333	13.849502659346228
4	284	149.92509433639034	139.39913398352462	2.2666666666666666	139.39913398352462	0.3263133767111585	0.03333333333333333	9.789401301334756
1	284	154.1209239796477	175.457178571611	2.2666666666666666	175.457178571611	0.3307904579392543	0.03333333333333333	9.92371373817763
4	285	149.8546025131423	138.68376754101163	2.3	138.68376754101163	0.5150403347299547	0.03333333333333333	15.45121004189864
1	285	154.0942148136226	174.5985412014213	2.3	174.5985412014213	0.7368677359265027	0.03333333333333333	22.10603207779508
4	286	149.88150543563015	137.97055557302411	2.3333333333333335	137.97055557302411	0.5077052485453803	0.03333333333333333	15.23115745636141
1	286	154.11228318906583	173.82908394374704	2.3333333333333335	173.82908394374704	0.5908649675904176	0.03333333333333333	17.725949027712527
4	287	149.86249560828185	137.32468893430152	2.3666666666666667	137.32468893430152	0.415712512779315	0.03333333333333333	12.47137538337945
1	287	154.19164069470605	173.06962423503208	2.3666666666666667	173.06962423503208	0.581529284148386	0.03333333333333333	17.44587852445158
4	288	149.8653334216756	136.61551561471077	2.4	136.61551561471077	0.5012349356256102	0.03333333333333333	15.037048068768305
1	288	154.14467101477385	172.38003612680126	2.4	172.38003612680126	0.47600262328310955	0.03333333333333333	14.280078698493286
4	289	149.86559598873052	136.11013166801126	2.433333333333333	136.11013166801126	0.25370147594364434	0.03333333333333333	7.61104427830933
1	289	154.1856862494123	171.4792105923353	2.433333333333333	171.4792105923353	0.8123408515668699	0.03333333333333333	24.370225547006097
4	290	149.85075913508504	135.409656669918	2.466666666666667	135.409656669918	0.4891677284772965	0.03333333333333333	14.675031854318895
1	290	154.19643640206826	170.79686353906303	2.466666666666667	170.79686353906303	0.46396318991241653	0.03333333333333333	13.918895697372497
1	291	154.07266833600517	170.02536265320586	2.5	170.02536265320586	0.6090499441300867	0.03333333333333333	18.271498323902602
4	291	149.76204531544113	134.90993364190905	2.5	134.90993364190905	0.25587782395168024	0.03333333333333333	7.676334718550407
4	292	149.76012741000372	134.32687418292218	2.533333333333333	134.32687418292218	0.3381599311866989	0.03333333333333333	10.144797935600968
1	292	154.10599047458814	169.200476335941	2.533333333333333	169.200476335941	0.6802618241839723	0.03333333333333333	20.40785472551917
1	293	153.9329729800432	168.627993431271	2.5666666666666664	168.627993431271	0.355864784912767	0.03333333333333333	10.67594354738301
4	293	149.93686034505905	133.47059158027432	2.5666666666666664	133.47059158027432	0.7634436235687366	0.03333333333333333	22.9033087070621
1	294	153.91434569660362	167.8407634136294	2.6	167.8407634136294	0.6186199716344383	0.03333333333333333	18.55859914903315
4	294	149.91021145606413	133.0262684673682	2.6	133.0262684673682	0.19655945686864193	0.03333333333333333	5.896783706059258
1	295	153.85316833706577	167.0766177266467	2.6333333333333333	167.0766177266467	0.5861243681772829	0.03333333333333333	17.583731045318487
4	295	149.92027607711242	132.37123520515456	2.6333333333333333	132.37123520515456	0.4273852237999979	0.03333333333333333	12.821556713999936
1	296	153.85480136345168	166.4244141972314	2.6666666666666665	166.4244141972314	0.42358470819745103	0.03333333333333333	12.707541245923531
4	296	149.92321271183422	131.67396740398613	2.6666666666666665	131.67396740398613	0.4844668763194759	0.03333333333333333	14.534006289584276
4	297	150.07663090062687	130.9418726144955	2.7	130.9418726144955	0.5579016624329048	0.03333333333333333	16.737049872987146
1	297	153.87792970119483	165.51960537398634	2.7	165.51960537398634	0.8184095888345176	0.03333333333333333	24.55228766503553
1	298	153.92590375131286	164.7496533094358	2.7333333333333334	164.7496533094358	0.5936081495507938	0.03333333333333333	17.808244486523815
4	298	150.09172963915114	130.24946172408815	2.7333333333333334	130.24946172408815	0.47792799909981387	0.03333333333333333	14.337839972994416
4	299	150.08830083740352	129.5923424554346	2.7666666666666666	129.5923424554346	0.4300348612386757	0.03333333333333333	12.90104583716027
1	299	153.88098629460458	164.08826518653697	2.7666666666666666	164.08826518653697	0.4376754656759022	0.03333333333333333	13.130263970277067
4	300	150.09450980195086	128.8821550269371	2.8	128.8821550269371	0.5027070788444984	0.03333333333333333	15.081212365334952
1	300	153.93531157315564	163.38605341049714	2.8	163.38605341049714	0.49434240647031563	0.03333333333333333	14.830272194109469
4	301	150.11163351361566	128.2954334762436	2.8333333333333335	128.2954334762436	0.3427316374900429	0.03333333333333333	10.281949124701287
1	301	154.00595458088324	162.67005816720913	2.8333333333333335	162.67005816720913	0.5159632496832931	0.03333333333333333	15.478897490498793
1	302	153.91790819478027	161.83467462437434	2.8666666666666667	161.83467462437434	0.7044068608684384	0.03333333333333333	21.132205826053152
4	302	150.13051384391503	127.71334613267784	2.8666666666666667	127.71334613267784	0.33738037949614214	0.03333333333333333	10.121411384884265
4	303	150.2244445043339	126.9437479708343	2.9	126.9437479708343	0.5995990121215369	0.03333333333333333	17.987970363646106
1	303	153.87557656558403	161.35027589004298	2.9	161.35027589004298	0.2347604416816834	0.03333333333333333	7.042813250450502
1	304	153.76548786807487	160.4641781794301	2.933333333333333	160.4641781794301	0.7963994264842753	0.03333333333333333	23.89198279452826
4	304	150.17198286173382	126.4595135877578	2.933333333333333	126.4595135877578	0.23555975708698879	0.03333333333333333	7.066792712609663
4	305	150.16704495897028	125.80778028907696	2.966666666666667	125.80778028907696	0.42299285910172885	0.03333333333333333	12.689785773051865
1	305	153.7329322718932	159.66412117769985	2.966666666666667	159.66412117769985	0.6397487287319309	0.03333333333333333	19.192461861957927
4	306	150.1020161215763	125.26303605125324	3.0	125.26303605125324	0.2992000326690284	0.03333333333333333	8.976000980070852
1	306	153.77483701135637	158.96807415968678	3.0	158.96807415968678	0.4845133877192621	0.03333333333333333	14.535401631577864
4	307	150.04499747284996	124.58557817405351	3.033333333333333	124.58557817405351	0.46044644973726784	0.03333333333333333	13.813393492118035
1	307	153.76904601569274	158.2216776094568	3.033333333333333	158.2216776094568	0.5555382633499384	0.03333333333333333	16.666147900498153
4	308	149.9362644779191	124.02696451734384	3.0666666666666664	124.02696451734384	0.32207835553629005	0.03333333333333333	9.662350666088702
1	308	153.78699392701924	157.5369838466374	3.0666666666666664	157.5369838466374	0.4673817885381563	0.03333333333333333	14.02145365614469
4	309	149.8469726856208	123.05289613488468	3.1	123.05289613488468	0.9565740316565016	0.03333333333333333	28.697220949695048
1	309	153.6856240296473	156.89710249824375	3.1	156.89710249824375	0.41793280611931527	0.03333333333333333	12.537984183579459
1	310	153.59643233741738	156.1977796654293	3.1333333333333333	156.1977796654293	0.495298774877149	0.03333333333333333	14.85896324631447
4	310	149.78921907418493	122.59229337074923	3.1333333333333333	122.59229337074923	0.21386724068809793	0.03333333333333333	6.416017220642938
4	311	149.71282712556226	122.08619393800619	3.1666666666666665	122.08619393800619	0.26024939120921464	0.03333333333333333	7.807481736276439
1	311	153.50843080232633	155.42301659920352	3.1666666666666665	155.42301659920352	0.6065136070443993	0.03333333333333333	18.19540821133198
4	312	149.59491455840626	121.61353131106192	3.2	121.61353131106192	0.2356377581586701	0.03333333333333333	7.069132744760103
1	312	153.41202202185988	154.5675023717975	3.2	154.5675023717975	0.7401065527954773	0.03333333333333333	22.20319658386432
1	313	153.25455327788245	153.96465901632962	3.2333333333333334	153.96465901632962	0.38641121808996476	0.03333333333333333	11.592336542698943
4	313	149.5302904534964	121.01518774925358	3.2333333333333334	121.01518774925358	0.3603838071956716	0.03333333333333333	10.811514215870147
1	314	153.17802590849752	153.19768164244718	3.2666666666666666	153.19768164244718	0.5925887926672091	0.03333333333333333	17.777663780016272
4	314	149.36704204342928	120.4911819941386	3.2666666666666666	120.4911819941386	0.2994568165116467	0.03333333333333333	8.9837044953494
1	315	153.24590993090192	152.48441831995027	3.3	152.48441831995027	0.5116693560100884	0.03333333333333333	15.350080680302653
4	315	149.3548161929482	119.85694315661152	3.3	119.85694315661152	0.4006079295316353	0.03333333333333333	12.018237885949059
1	316	153.16587230076104	151.91098696636863	3.3333333333333335	151.91098696636863	0.3334295193102666	0.03333333333333333	10.002885579307998
4	316	149.38478896500698	119.2552821193595	3.3333333333333335	119.2552821193595	0.36108682600349934	0.03333333333333333	10.83260478010498
4	317	149.38398939735976	118.72398472466922	3.3666666666666667	118.72398472466922	0.2805241832550194	0.03333333333333333	8.415725497650582
1	317	153.2909973263153	151.03286394103648	3.3666666666666667	151.03286394103648	0.7858273386535575	0.03333333333333333	23.574820159606723
1	318	153.2566129710538	150.46174426163304	3.4	150.46174426163304	0.3255641075547912	0.03333333333333333	9.766923226643737
4	318	149.32393024654507	118.10856002083112	3.4	118.10856002083112	0.38054810531110195	0.03333333333333333	11.416443159333058
4	319	149.44702619362798	117.34672269044486	3.433333333333333	117.34672269044486	0.5940301830181633	0.03333333333333333	17.820905490544902
1	319	153.12912400795838	149.7698272032199	3.433333333333333	149.7698272032199	0.49329091453891916	0.03333333333333333	14.798727436167574
4	320	149.44553651962303	116.71456292400944	3.466666666666667	116.71456292400944	0.39782659665603687	0.03333333333333333	11.934797899681106
1	320	153.25272500459982	149.01096510923358	3.466666666666667	149.01096510923358	0.5896200171960333	0.03333333333333333	17.688600515881
1	321	153.1077307131399	148.33260714426441	3.5	148.33260714426441	0.47946205648654006	0.03333333333333333	14.383861694596202
4	321	149.4774019936492	116.1259730340287	3.5	116.1259730340287	0.34564878812862976	0.03333333333333333	10.369463643858893
1	322	153.16411363257973	147.65943779267783	3.533333333333333	147.65943779267783	0.4545758155423586	0.03333333333333333	13.637274466270759
4	322	149.52517803992598	115.40481793718634	3.533333333333333	115.40481793718634	0.520678826036953	0.03333333333333333	15.620364781108592
4	323	149.55468040789546	114.9417295525018	3.5666666666666664	114.9417295525018	0.21369854389400691	0.03333333333333333	6.410956316820208
1	323	153.20729400494247	146.84813272739098	3.5666666666666664	146.84813272739098	0.6587311184522415	0.03333333333333333	19.761933553567246
1	324	153.2794138933227	146.21036009896727	3.6	146.21036009896727	0.41015941722043375	0.03333333333333333	12.304782516613013
4	324	149.60457920933538	114.22646269341897	3.6	114.22646269341897	0.5124143338659632	0.03333333333333333	15.372430015978898
4	325	149.73580767351748	113.57469735212892	3.6333333333333333	113.57469735212892	0.4402448635122326	0.03333333333333333	13.207345905366978
1	325	153.3232751011664	145.53286416548187	3.6333333333333333	145.53286416548187	0.45916928241943955	0.03333333333333333	13.775078472583187
4	326	149.66019536239492	112.91614574974409	3.6666666666666665	112.91614574974409	0.4376310348993858	0.03333333333333333	13.128931046981574
1	326	153.40335359329833	144.8207422582455	3.6666666666666665	144.8207422582455	0.5118470133401933	0.03333333333333333	15.3554104002058
1	327	153.55543493892617	144.09055823763825	3.6999999999999997	144.09055823763825	0.5546926432745755	0.03333333333333333	16.640779298237263
4	327	149.6731011953085	112.29467342130144	3.6999999999999997	112.29467342130144	0.38458867717503176	0.03333333333333333	11.537660315250953
1	328	153.6456018959205	143.24982877776674	3.7333333333333334	143.24982877776674	0.7137753365878785	0.03333333333333333	21.413260097636357
4	328	149.67160135315814	111.59521107625632	3.7333333333333334	111.59521107625632	0.48752990252148815	0.03333333333333333	14.625897075644644
1	329	153.75085912455415	142.58526505876742	3.7666666666666666	142.58526505876742	0.4509601052111247	0.03333333333333333	13.52880315633374
4	329	149.64998635786012	110.9135887106513	3.7666666666666666	110.9135887106513	0.4633256500101811	0.03333333333333333	13.899769500305434
1	330	153.65036654372656	141.9606701962287	3.8	141.9606701962287	0.3984161437096404	0.03333333333333333	11.952484311289211
4	330	149.70373977585484	110.47138021051815	3.8	110.47138021051815	0.19686312282557422	0.03333333333333333	5.905893684767227
4	331	149.57377105313418	109.75183203666224	3.8333333333333335	109.75183203666224	0.5329948550243466	0.03333333333333333	15.989845650730398
1	331	153.7135773969541	141.21045102035998	3.8333333333333335	141.21045102035998	0.5652414558770616	0.03333333333333333	16.95724367631185
4	332	149.6373716438149	109.13455862615021	3.8666666666666667	109.13455862615021	0.3832654672264218	0.03333333333333333	11.497964016792654
1	332	153.66649971016932	140.55182885992986	3.8666666666666667	140.55182885992986	0.4342201815898197	0.03333333333333333	13.02660544769459
1	333	153.75154437346882	139.8521585994012	3.9	139.8521585994012	0.4950619130034233	0.03333333333333333	14.8518573901027
4	333	149.635828282218	108.68111710421812	3.9	108.68111710421812	0.2040156928441676	0.03333333333333333	6.120470785325028
1	334	153.61047188128518	138.99760197833376	3.933333333333333	138.99760197833376	0.7491069363282206	0.03333333333333333	22.47320808984662
4	334	149.65728612288186	107.8688464807965	3.933333333333333	107.8688464807965	0.658895139333615	0.03333333333333333	19.76685418000845
4	335	149.6491992616283	107.2966975115063	3.966666666666667	107.2966975115063	0.32562394074850537	0.03333333333333333	9.768718222455162
1	335	153.58369957310802	138.34140653397995	3.966666666666667	138.34140653397995	0.4295261952337272	0.03333333333333333	12.885785857011816
4	336	149.69813435122023	106.68394177931505	4.0	106.68394177931505	0.3760569989015826	0.03333333333333333	11.281709967047478
1	336	153.61741397860666	137.82052628567726	4.0	137.82052628567726	0.2707132967161626	0.03333333333333333	8.121398901484879
4	337	149.76049461211898	105.87940383244191	4.033333333333333	105.87940383244191	0.6497954840429478	0.03333333333333333	19.493864521288437
1	337	153.5253663962378	136.7646071296387	4.033333333333333	136.7646071296387	1.1240823544795346	0.03333333333333333	33.72247063438604
4	338	149.7914570655386	105.32514580272148	4.066666666666666	105.32514580272148	0.3063788656454259	0.03333333333333333	9.191365969362776
1	338	153.59069785415667	136.12947150772334	4.066666666666666	136.12947150772334	0.40586744140725806	0.03333333333333333	12.176023242217742
4	339	149.7893009136006	104.70206619732441	4.1	104.70206619732441	0.38642754931381507	0.03333333333333333	11.592826479414452
1	339	153.6409723761482	135.21027351177247	4.1	135.21027351177247	0.8467617704073563	0.03333333333333333	25.40285311222069
1	340	153.74037849148706	134.3598043137255	4.133333333333333	134.3598043137255	0.7320593288385143	0.03333333333333333	21.96177986515543
4	340	149.71219220162618	104.13334539475956	4.133333333333333	104.13334539475956	0.32759208044628346	0.03333333333333333	9.827762413388504
4	341	149.8551934668232	103.26722022221969	4.166666666666667	103.26722022221969	0.7696336844237214	0.03333333333333333	23.08901053271164
1	341	153.74164623150432	133.55197733518878	4.166666666666667	133.55197733518878	0.6512153872595778	0.03333333333333333	19.536461617787335
4	342	149.84004489415156	102.82703870036569	4.2	102.82703870036569	0.19242839369809472	0.03333333333333333	5.772851810942842
1	342	153.80946943769038	132.78126010159227	4.2	132.78126010159227	0.5970937573603669	0.03333333333333333	17.912812720811004
1	343	153.95388943678762	132.04622616067363	4.233333333333333	132.04622616067363	0.5595371379478178	0.03333333333333333	16.786114138434534
4	343	149.83451361709012	102.22230373565851	4.233333333333333	102.22230373565851	0.36392725711678675	0.03333333333333333	10.917817713503602
4	344	149.91903595721683	101.47235728115221	4.266666666666667	101.47235728115221	0.5679865817542094	0.03333333333333333	17.039597452626282
1	344	154.0354738172251	131.38547355931428	4.266666666666667	131.38547355931428	0.44147701236396336	0.03333333333333333	13.244310370918901
1	345	154.0459259445826	130.61026115445802	4.3	130.61026115445802	0.599558133794009	0.03333333333333333	17.98674401382027
4	345	149.84614538951402	101.0900636360254	4.3	101.0900636360254	0.15005974464455962	0.03333333333333333	4.501792339336789
4	346	150.00935552652166	100.30398899999165	4.333333333333333	100.30398899999165	0.643157857728003	0.03333333333333333	19.294735731840092
1	346	154.10986887975375	129.77177191128396	4.333333333333333	129.77177191128396	0.7059468638229761	0.03333333333333333	21.178405914689282
4	347	149.95816051980262	99.67514123462637	4.366666666666666	99.67514123462637	0.39626824642034486	0.03333333333333333	11.888047392610346
1	347	154.28506410879197	129.00770521988122	4.366666666666666	129.00770521988122	0.6130189777265965	0.03333333333333333	18.390569331797895
1	348	154.18843771298097	128.3197099079605	4.4	128.3197099079605	0.4809453468935935	0.03333333333333333	14.428360406807805
4	348	150.02180061220372	99.10056781028999	4.4	99.10056781028999	0.3323851600353396	0.03333333333333333	9.971554801060188
1	349	154.15769611677126	127.59231476830529	4.433333333333334	127.59231476830529	0.5283938341394117	0.03333333333333333	15.85181502418235
4	349	150.0560102791931	98.48581534521576	4.433333333333334	98.48581534521576	0.3772838200004132	0.03333333333333333	11.318514600012398
1	350	154.1602205653237	126.92606468876123	4.466666666666667	126.92606468876123	0.4421231298169457	0.03333333333333333	13.263693894508371
4	350	150.07211755464363	97.8758503821114	4.466666666666667	97.8758503821114	0.37050900594226854	0.03333333333333333	11.115270178268057
1	351	154.0881243338234	126.16808418117223	4.5	126.16808418117223	0.5781774294698709	0.03333333333333333	17.345322884096127
4	351	150.0294053393749	97.21481837459841	4.5	97.21481837459841	0.4370107155527249	0.03333333333333333	13.110321466581748
1	352	153.9957745608649	125.46069752234509	4.533333333333333	125.46069752234509	0.5072337871512976	0.03333333333333333	15.21701361453893
4	352	150.12953260314654	96.47523093272379	4.533333333333333	96.47523093272379	0.5554117137636756	0.03333333333333333	16.66235141291027
4	353	150.15611952556213	95.56430912549841	4.566666666666666	95.56430912549841	0.8297258509233507	0.03333333333333333	24.89177552770052
1	353	153.8816569025353	124.55694615270687	4.566666666666666	124.55694615270687	0.8290270380987621	0.03333333333333333	24.870811142962864
1	354	153.85283960855102	123.81050516022663	4.6	123.81050516022663	0.5564032689041094	0.03333333333333333	16.692098067123283
4	354	150.0893106229579	95.09825283728615	4.6	95.09825283728615	0.22003283997208128	0.03333333333333333	6.600985199162438
1	355	153.79095770159824	123.0128773835968	4.633333333333333	123.0128773835968	0.6386340684002406	0.03333333333333333	19.15902205200722
4	355	150.0709467077829	94.32420032599241	4.633333333333333	94.32420032599241	0.5979853677862635	0.03333333333333333	17.939561033587907
1	356	153.64464190912153	122.56234739742813	4.666666666666667	122.56234739742813	0.22273981162023396	0.03333333333333333	6.682194348607019
4	356	149.96263484658232	93.82611695881451	4.666666666666667	93.82611695881451	0.25809919452118496	0.03333333333333333	7.742975835635549
4	357	149.98535822053168	93.05456311811486	4.7	93.05456311811486	0.5942937555203901	0.03333333333333333	17.828812665611704
1	357	153.71625110476913	121.70574728168371	4.7	121.70574728168371	0.7377910105796744	0.03333333333333333	22.133730317390235
4	358	149.99861586219228	92.61250934546463	4.733333333333333	92.61250934546463	0.19402142828203883	0.03333333333333333	5.820642848461165
1	358	153.4964279660255	121.02940243509077	4.733333333333333	121.02940243509077	0.5040690163313308	0.03333333333333333	15.122070489939926
4	359	149.79329305464816	91.65986850748028	4.766666666666667	91.65986850748028	0.9494405219634137	0.03333333333333333	28.48321565890241
1	359	153.38928956523537	120.29661132236954	4.766666666666667	120.29661132236954	0.5468410443747642	0.03333333333333333	16.405231331242927
1	360	153.30417056812638	119.56648250446732	4.8	119.56648250446732	0.5386973179027065	0.03333333333333333	16.160919537081195
4	360	149.80033735039186	90.90305774749932	4.8	90.90305774749932	0.571242028328925	0.03333333333333333	17.13726084986775
1	361	153.12669806419717	118.80451762404834	4.833333333333333	118.80451762404834	0.6106086374766126	0.03333333333333333	18.31825912429838
4	361	149.67140236499876	90.17681978436384	4.833333333333333	90.17681978436384	0.5424168480915482	0.03333333333333333	16.272505442746446
4	362	149.5552476325862	89.49131918058114	4.866666666666666	89.49131918058114	0.48167510651979545	0.03333333333333333	14.450253195593863
1	362	153.17660026008397	118.19975032589352	4.866666666666666	118.19975032589352	0.36642593839486387	0.03333333333333333	10.992778151845917
1	363	153.1189984380321	117.40386133347369	4.9	117.40386133347369	0.635343001606142	0.03333333333333333	19.06029004818426
4	363	149.46121945561822	88.76724878337771	4.9	88.76724878337771	0.5314698730867603	0.03333333333333333	15.944096192602808
4	364	149.4468818107857	88.11040927932937	4.933333333333334	88.11040927932937	0.4298609384921463	0.03333333333333333	12.89582815476439
1	364	153.1585876255406	116.53256941583405	4.933333333333334	116.53256941583405	0.7596927071224834	0.03333333333333333	22.790781213674503
1	365	153.2940449567063	115.82156720955395	4.966666666666667	115.82156720955395	0.5222070571236214	0.03333333333333333	15.666211713708641
4	365	149.36828372459874	87.2739822790247	4.966666666666667	87.2739822790247	0.7045773613323866	0.03333333333333333	21.137320839971597
1	366	153.32443605164715	115.10354893416635	5.0	115.10354893416635	0.5147955468542595	0.03333333333333333	15.443866405627787
4	366	149.42087824241116	86.67319273439648	5.0	86.67319273439648	0.3619066549711488	0.03333333333333333	10.857199649134465
4	367	149.42886633053618	86.10029783588574	5.033333333333333	86.10029783588574	0.32647598063447697	0.03333333333333333	9.794279419034309
1	367	153.396100747711	114.35334795827808	5.033333333333333	114.35334795827808	0.566356729374022	0.03333333333333333	16.990701881220662
4	368	149.45453587721312	85.23175808975584	5.066666666666666	85.23175808975584	0.7539757644135847	0.03333333333333333	22.61927293240754
1	368	153.49679153345318	113.56552755143144	5.066666666666666	113.56552755143144	0.6293694584037647	0.03333333333333333	18.88108375211294
1	369	153.46567859845513	112.8236539556942	5.1	112.8236539556942	0.5497297190857013	0.03333333333333333	16.491891572571042
4	369	149.43109138265945	84.63406451073534	5.1	84.63406451073534	0.35598029676329934	0.03333333333333333	10.679408902898981
1	370	153.47604626109694	112.04100604054872	5.133333333333333	112.04100604054872	0.6111683127508153	0.03333333333333333	18.33504938252446
4	370	149.47436890459343	83.8896866115823	5.133333333333333	83.8896866115823	0.5543659438284925	0.03333333333333333	16.630978314854776
1	371	153.29702476368985	111.37924269730206	5.166666666666667	111.37924269730206	0.4682345453655212	0.03333333333333333	14.047036360965636
4	371	149.4459938548881	83.14899824909456	5.166666666666667	83.14899824909456	0.547805875114473	0.03333333333333333	16.434176253434188
4	372	149.51721758127346	82.50039534835912	5.2	82.50039534835912	0.4239714123930266	0.03333333333333333	12.719142371790799
1	372	153.30399032692918	110.6722797444981	5.2	110.6722797444981	0.4981405421072247	0.03333333333333333	14.944216263216742
1	373	153.42881652060316	109.85349853596935	5.233333333333333	109.85349853596935	0.6847117825619597	0.03333333333333333	20.54135347685879
4	373	149.43351582539384	82.03736511736422	5.233333333333333	82.03736511736422	0.21976459972694792	0.03333333333333333	6.592937991808438
1	374	153.34157157266338	109.14964066848664	5.266666666666667	109.14964066848664	0.5013278056503079	0.03333333333333333	15.039834169509236
4	374	149.53801132893037	81.34667493399057	5.266666666666667	81.34667493399057	0.4862505485680986	0.03333333333333333	14.587516457042957
4	375	149.46288771162202	80.7479684852302	5.3	80.7479684852302	0.3622853395462753	0.03333333333333333	10.868560186388258
1	375	153.30344997924425	108.2863810786345	5.3	108.2863810786345	0.7455966276680328	0.03333333333333333	22.367898830040986
1	376	153.39187172768357	107.52354819596596	5.333333333333333	107.52354819596596	0.5882002576659955	0.03333333333333333	17.646007729979864
4	376	149.49875513859126	80.17316165274235	5.333333333333333	80.17316165274235	0.32989110239677216	0.03333333333333333	9.896733071903165
1	377	153.39745636097348	106.57699139862852	5.366666666666666	106.57699139862852	0.8955163900016109	0.03333333333333333	26.865491700048327
4	377	149.5526399560477	79.480290394509	5.366666666666666	79.480290394509	0.48124568972378434	0.03333333333333333	14.43737069171353
1	378	153.52691352237176	105.82449225167414	5.4	105.82449225167414	0.5814666028123434	0.03333333333333333	17.443998084370303
4	378	149.57805275395805	78.89891784787719	5.4	78.89891784787719	0.3368383109749634	0.03333333333333333	10.105149329248903
1	379	153.4096556059958	105.1528321657259	5.433333333333334	105.1528321657259	0.46312585471512796	0.03333333333333333	13.89377564145384
4	379	149.5059869401984	78.31144861172379	5.433333333333334	78.31144861172379	0.34850812454569113	0.03333333333333333	10.455243736370734
4	380	149.54546010553958	77.58986581084068	5.466666666666667	77.58986581084068	0.5205712868429986	0.03333333333333333	15.617138605289957
1	380	153.4697240470355	104.41202031041254	5.466666666666667	104.41202031041254	0.5507978138163188	0.03333333333333333	16.523934414489563
4	381	149.60821432178153	77.0103063510163	5.5	77.0103063510163	0.338025233378459	0.03333333333333333	10.140757001353771
1	381	153.49978957935787	103.73126044672406	5.5	103.73126044672406	0.4625864795689431	0.03333333333333333	13.877594387068294
4	382	149.64329463600316	76.34456227378232	5.533333333333333	76.34456227378232	0.4426738977154293	0.03333333333333333	13.28021693146288
1	382	153.50068293610232	103.01055104015987	5.533333333333333	103.01055104015987	0.5177494696815593	0.03333333333333333	15.53248409044678
1	383	153.5003586167648	102.4192294812058	5.566666666666666	102.4192294812058	0.3478559989491078	0.03333333333333333	10.435679968473234
4	383	149.57314205383233	75.62301502948786	5.566666666666666	75.62301502948786	0.5238889609457705	0.03333333333333333	15.716668828373116
1	384	153.6770080875837	101.36895110248484	5.6	101.36895110248484	1.1349940116084984	0.03333333333333333	34.049820348254954
4	384	149.6338391788243	74.99036602775995	5.6	74.99036602775995	0.4021291233190267	0.03333333333333333	12.063873699570802
1	385	153.70965324390954	100.63544688547078	5.633333333333333	100.63544688547078	0.5374557991847495	0.03333333333333333	16.123673975542484
4	385	149.70177908456404	74.46627951358968	5.633333333333333	74.46627951358968	0.27753314737428386	0.03333333333333333	8.325994421228517
1	386	153.65705517760966	100.0274105526074	5.666666666666667	100.0274105526074	0.3706670516535704	0.03333333333333333	11.120011549607112
4	386	149.68801930783414	73.74956467364893	5.666666666666667	73.74956467364893	0.5121868853642733	0.03333333333333333	15.365606560928198
4	387	149.6881767273496	73.1475601186892	5.7	73.1475601186892	0.36060200421056815	0.03333333333333333	10.818060126317045
1	387	153.7773290549158	99.25974659323087	5.7	99.25974659323087	0.602274934110468	0.03333333333333333	18.068248023314037
4	388	149.7261382414164	72.58420405419034	5.733333333333333	72.58420405419034	0.31702083807210746	0.03333333333333333	9.510625142163224
1	388	153.87961654589736	98.5598672323592	5.733333333333333	98.5598672323592	0.4985899306482754	0.03333333333333333	14.957697919448261
4	389	149.79108194489032	72.05588357878922	5.766666666666667	72.05588357878922	0.28158544308581346	0.03333333333333333	8.447563292574404
1	389	153.7934753887269	98.04122305830141	5.766666666666667	98.04122305830141	0.2746667213838375	0.03333333333333333	8.240001641515125
1	390	153.84341965485868	97.12484718931606	5.8	97.12484718931606	0.8415271179851714	0.03333333333333333	25.245813539555144
4	390	149.80269685492794	71.34355242875377	5.8	71.34355242875377	0.5058578226325469	0.03333333333333333	15.175734678976406
1	391	153.94366741212897	96.56720859560829	5.833333333333333	96.56720859560829	0.31921858041393025	0.03333333333333333	9.576557412417907
4	391	149.86719862305486	70.5386213598531	5.833333333333333	70.5386213598531	0.6507024174077458	0.03333333333333333	19.521072522232373
1	392	153.92441838015526	95.92327285990187	5.866666666666666	95.92327285990187	0.413229700375082	0.03333333333333333	12.39689101125246
4	392	149.94091192853512	70.14150657491213	5.866666666666666	70.14150657491213	0.16168317833781537	0.03333333333333333	4.850495350134461
4	393	149.8871929448514	69.5212136387019	5.9	69.5212136387019	0.38584361592335686	0.03333333333333333	11.575308477700705
1	393	154.00511341478642	95.15338387363168	5.9	95.15338387363168	0.5977309760660549	0.03333333333333333	17.931929281981645
4	394	149.96869219906867	68.90540562490668	5.933333333333334	68.90540562490668	0.38405577929042567	0.03333333333333333	11.52167337871277
1	394	153.95288350081282	94.54828271270651	5.933333333333334	94.54828271270651	0.367067601224596	0.03333333333333333	11.01202803673788
4	395	149.98946332847274	68.2069239376129	5.966666666666667	68.2069239376129	0.48658688044053666	0.03333333333333333	14.5976064132161
1	395	154.01701648914033	93.91834158246556	5.966666666666667	93.91834158246556	0.39913780429354356	0.03333333333333333	11.974134128806307
4	396	150.08496646231114	67.62991995729996	6.0	67.62991995729996	0.340251554995872	0.03333333333333333	10.20754664987616
1	396	153.96676867073788	93.18815384300484	6.0	93.18815384300484	0.5340543314440468	0.03333333333333333	16.021629943321404
4	397	149.9721384999682	67.04011540406933	6.033333333333333	67.04011540406933	0.35879223308427854	0.03333333333333333	10.763766992528357
1	397	153.9203629968057	92.34010255317095	6.033333333333333	92.34010255317095	0.720184716693959	0.03333333333333333	21.60554150081877
1	398	153.85147586445714	91.6284108450392	6.066666666666666	91.6284108450392	0.5095636658653587	0.03333333333333333	15.286909975960763
4	398	150.0451697361746	66.52067041815397	6.066666666666666	66.52067041815397	0.2734130938466313	0.03333333333333333	8.20239281539894
1	399	153.80477741409294	90.96336622620602	6.1	90.96336622620602	0.44269320094230086	0.03333333333333333	13.280796028269027
4	399	149.9088090310874	65.72272608288803	6.1	65.72272608288803	0.6539464525159465	0.03333333333333333	19.618393575478397
4	400	150.04606149541976	65.2658764788331	6.133333333333333	65.2658764788331	0.22589640582150156	0.03333333333333333	6.776892174645047
1	400	153.63496889673976	90.19461781316616	6.133333333333333	90.19461781316616	0.6183502611527618	0.03333333333333333	18.550507834582856
1	401	153.560220603458	89.49300656988895	6.166666666666667	89.49300656988895	0.49613807274838584	0.03333333333333333	14.884142182451574
4	401	150.09444177132568	64.32269639479979	6.166666666666667	64.32269639479979	0.8914269544979176	0.03333333333333333	26.74280863493753
4	402	150.06509290873277	63.61398288508681	6.2	63.61398288508681	0.5014365879628538	0.03333333333333333	15.043097638885616
1	402	153.3546750196595	88.77192093025533	6.2	88.77192093025533	0.5606208378257651	0.03333333333333333	16.818625134772955
4	403	150.1120504860094	62.992668286401646	6.233333333333333	62.992668286401646	0.3864315512770597	0.03333333333333333	11.592946538311791
1	403	153.26224127202758	87.93605685651355	6.233333333333333	87.93605685651355	0.7060068936454721	0.03333333333333333	21.18020680936416
4	404	150.05976471976783	62.350992428506096	6.266666666666667	62.350992428506096	0.4126873376143327	0.03333333333333333	12.38062012842998
1	404	153.14592446516016	87.20498710427167	6.266666666666667	87.20498710427167	0.5463712581194239	0.03333333333333333	16.391137743582718
1	405	153.0754739892603	86.606514538489	6.3	86.606514538489	0.36132511822766394	0.03333333333333333	10.839753546829918
4	405	150.0030443811631	61.90029950002699	6.3	61.90029950002699	0.2047433189352043	0.03333333333333333	6.14229956805613
4	406	149.95204234824683	61.24050038906421	6.333333333333333	61.24050038906421	0.4361584161066634	0.03333333333333333	13.084752483199901
1	406	153.01667282433408	85.86740160021868	6.333333333333333	85.86740160021868	0.5481276255749611	0.03333333333333333	16.44382876724883
1	407	153.14337575639604	85.29471682644052	6.366666666666666	85.29471682644052	0.3422178950954755	0.03333333333333333	10.266536852864265
4	407	149.87320084260259	60.58307228765874	6.366666666666666	60.58307228765874	0.4366504511973572	0.03333333333333333	13.099513535920716
1	408	153.06560608956727	84.56243973834172	6.4	84.56243973834172	0.5406455179741386	0.03333333333333333	16.21936553922416
4	408	149.8619118529356	59.90647295598711	6.4	59.90647295598711	0.456155573225619	0.03333333333333333	13.68466719676857
4	409	149.73160788003102	59.41929245539141	6.433333333333334	59.41929245539141	0.2526144192148446	0.03333333333333333	7.578432576445339
1	409	153.21294350248183	83.65150029074445	6.433333333333334	83.65150029074445	0.8508450271995984	0.03333333333333333	25.525350815987952
4	410	149.69744244273667	58.85602284578199	6.466666666666667	58.85602284578199	0.31664990356228134	0.03333333333333333	9.499497106868441
1	410	153.2196832920143	83.19967551870656	6.466666666666667	83.19967551870656	0.20259925301623824	0.03333333333333333	6.077977590487147
1	411	153.28420623596796	82.38237642518942	6.5	82.38237642518942	0.6708268610512502	0.03333333333333333	20.124805831537508
4	411	149.60290499635127	58.38484576997594	6.5	58.38484576997594	0.22928382910501233	0.03333333333333333	6.87851487315037
4	412	149.48461017028703	57.84719348137768	6.533333333333333	57.84719348137768	0.3012865937561939	0.03333333333333333	9.038597812685817
1	412	153.39048834048688	81.88675836349387	6.533333333333333	81.88675836349387	0.2552188962018315	0.03333333333333333	7.656566886054946
1	413	153.39983907653505	81.29412654927827	6.566666666666666	81.29412654927827	0.3494942003044434	0.03333333333333333	10.484826009133302
4	413	149.4992436968442	57.00437476606096	6.566666666666666	57.00437476606096	0.7093624578575739	0.03333333333333333	21.280873735727216
1	414	153.4892474284575	80.54536360117288	6.6	80.54536360117288	0.5670607003119622	0.03333333333333333	17.011821009358865
4	414	149.36263173833703	56.502133512061434	6.6	56.502133512061434	0.26917182912388327	0.03333333333333333	8.075154873716498
1	415	153.49587430500367	79.78483057340321	6.633333333333333	79.78483057340321	0.576896670922253	0.03333333333333333	17.306900127667593
4	415	149.3370558510088	55.812294720052265	6.633333333333333	55.812294720052265	0.47479486683693073	0.03333333333333333	14.243846005107923
1	416	153.48522184453816	79.19673486445656	6.666666666666667	79.19673486445656	0.34416580983792316	0.03333333333333333	10.324974295137695
4	416	149.27523742111416	55.33348421569087	6.666666666666667	55.33348421569087	0.23141481060964075	0.03333333333333333	6.942444318289223
1	417	153.51191884725498	78.37835871621598	6.7	78.37835871621598	0.6691331019347596	0.03333333333333333	20.073993058042788
4	417	149.27857127191632	54.661709881342404	6.7	54.661709881342404	0.4495265189403161	0.03333333333333333	13.485795568209483
1	418	153.4750726292631	77.72094648873683	6.733333333333333	77.72094648873683	0.43176721506246435	0.03333333333333333	12.95301645187393
4	418	149.20987467209804	54.14834521812067	6.733333333333333	54.14834521812067	0.2665293068462743	0.03333333333333333	7.995879205388229
4	419	149.24187937008733	53.51321081570093	6.766666666666667	53.51321081570093	0.4026204545234695	0.03333333333333333	12.078613635704086
1	419	153.58539273035714	76.89514875497034	6.766666666666667	76.89514875497034	0.6928650843089638	0.03333333333333333	20.785952529268915
4	420	149.2370753599266	52.88143472786299	6.8	52.88143472786299	0.3973623285635041	0.03333333333333333	11.920869856905124
1	420	153.55128463639022	76.10894973671728	6.8	76.10894973671728	0.6178120908585032	0.03333333333333333	18.534362725755095
1	421	153.6846688000789	75.32341130976664	6.833333333333333	75.32341130976664	0.633442606450432	0.03333333333333333	19.003278193512962
4	421	149.28482397571483	52.291924996270474	6.833333333333333	52.291924996270474	0.3479963249613818	0.03333333333333333	10.439889748841454
4	422	149.42482822196757	51.49755025047981	6.866666666666666	51.49755025047981	0.6492562926957148	0.03333333333333333	19.477688780871446
1	422	153.69749088119332	74.59426432745656	6.866666666666666	74.59426432745656	0.5301680089666588	0.03333333333333333	15.905040268999764
1	423	153.84731655322133	73.93569889539877	6.8999999999999995	73.93569889539877	0.45439577767090816	0.03333333333333333	13.631873330127245
4	423	149.41644363326049	50.93008967755552	6.8999999999999995	50.93008967755552	0.3202892463494313	0.03333333333333333	9.608677390482939
1	424	153.78005335248855	73.14361110463365	6.933333333333334	73.14361110463365	0.630500228127293	0.03333333333333333	18.91500684381879
4	424	149.40416794328925	50.38072523023512	6.933333333333334	50.38072523023512	0.3001760173191342	0.03333333333333333	9.005280519574026
1	425	153.8170120251522	72.51120219516778	6.966666666666667	72.51120219516778	0.3995060612456544	0.03333333333333333	11.985181837369632
4	425	149.53564711439736	49.58653875720059	6.966666666666667	49.58653875720059	0.6466354998073806	0.03333333333333333	19.399064994221416
1	426	153.84413158984094	71.79835423471565	7.0	71.79835423471565	0.5071970487703169	0.03333333333333333	15.215911463109506
4	426	149.5579655559825	49.05140044484996	7.0	49.05140044484996	0.28511188633631146	0.03333333333333333	8.553356590089344
1	427	153.9589349713451	71.01490991754787	7.033333333333333	71.01490991754787	0.6255245492089813	0.03333333333333333	18.76573647626944
4	427	149.5475384933159	48.4944505194565	7.033333333333333	48.4944505194565	0.30851831463967583	0.03333333333333333	9.255549439190276
4	428	149.59711501859854	47.76740590443986	7.066666666666666	47.76740590443986	0.5293986018827297	0.03333333333333333	15.88195805648189
1	428	153.98673287660657	70.36673774727299	7.066666666666666	70.36673774727299	0.41910945369887725	0.03333333333333333	12.573283610966318
1	429	153.92485340230712	69.6295200373758	7.1	69.6295200373758	0.5456963836803578	0.03333333333333333	16.370891510410733
4	429	149.59520897127047	46.955133591012434	7.1	46.955133591012434	0.6584397751197895	0.03333333333333333	19.753193253593682
4	430	149.6078744115979	46.63121813880368	7.133333333333333	46.63121813880368	0.1039218123041905	0.03333333333333333	3.117654369125715
1	430	153.87308082571937	68.98012848747004	7.133333333333333	68.98012848747004	0.4226016969702856	0.03333333333333333	12.678050909108569
4	431	149.58255340571918	46.06566425362504	7.166666666666667	46.06566425362504	0.318700872765465	0.03333333333333333	9.56102618296395
1	431	153.83951142477983	68.19225833198696	7.166666666666667	68.19225833198696	0.6204127778959214	0.03333333333333333	18.61238333687764
4	432	149.5771677745273	45.426117455610274	7.2	45.426117455610274	0.4072517906116933	0.03333333333333333	12.2175537183508
1	432	153.81391923602658	67.43466542414627	7.2	67.43466542414627	0.5730357544639746	0.03333333333333333	17.191072633919237
1	433	153.86382297452238	66.51864098989667	7.233333333333333	66.51864098989667	0.8408764618208379	0.03333333333333333	25.226293854625137
4	433	149.59312678652262	44.987948878145644	7.233333333333333	44.987948878145644	0.19069107988925166	0.03333333333333333	5.720732396677549
1	434	153.8585361885997	65.9712952282025	7.266666666666667	65.9712952282025	0.29784170667846904	0.03333333333333333	8.935251200354072
4	434	149.64909080013146	44.513335216586526	7.266666666666667	44.513335216586526	0.22673471598909314	0.03333333333333333	6.802041479672795
1	435	154.00179813352372	64.9367634766766	7.3	64.9367634766766	1.0912469354961591	0.03333333333333333	32.737408064884775
4	435	149.63485262414176	43.7841176451902	7.3	43.7841176451902	0.5303095285630735	0.03333333333333333	15.909285856892204
4	436	149.65908023393783	43.423466842418144	7.333333333333333	43.423466842418144	0.1293526139209593	0.03333333333333333	3.8805784176287785
1	436	153.96396631089698	64.17265044200272	7.333333333333333	64.17265044200272	0.5837576417883613	0.03333333333333333	17.51272925365084
4	437	149.67686806679623	42.700486094130476	7.366666666666666	42.700486094130476	0.5213503238136733	0.03333333333333333	15.640509714410198
1	437	154.11061842401432	63.20118660133559	7.366666666666666	63.20118660133559	0.965080670862275	0.03333333333333333	28.95242012586825
1	438	154.11910911737218	62.57321206688601	7.3999999999999995	62.57321206688601	0.3926206231238948	0.03333333333333333	11.778618693716844
4	438	149.71347368286183	42.09358268255581	7.3999999999999995	42.09358268255581	0.36786394967296404	0.03333333333333333	11.035918490188921
4	439	149.79956354847906	41.549915526867345	7.433333333333334	41.549915526867345	0.3012084612121666	0.03333333333333333	9.036253836364999
1	439	154.0342333812428	61.733397502434904	7.433333333333334	61.733397502434904	0.7113035983281928	0.03333333333333333	21.339107949845783
1	440	153.93230353370498	61.10081631394486	7.466666666666667	61.10081631394486	0.4087521117877061	0.03333333333333333	12.262563353631183
4	440	149.99444878517974	40.83098345678832	7.466666666666667	40.83098345678832	0.5532358426876792	0.03333333333333333	16.597075280630378
1	441	153.99321369613614	60.47603102622921	7.5	60.47603102622921	0.39226310140192544	0.03333333333333333	11.767893042057763
4	441	150.02224622592038	40.14684496903539	7.5	40.14684496903539	0.46707191365863976	0.03333333333333333	14.012157409759192
1	442	153.7814759714903	59.817877990219294	7.533333333333333	59.817877990219294	0.47626332885861233	0.03333333333333333	14.28789986575837
4	442	149.99533892600755	39.42493552770448	7.533333333333333	39.42493552770448	0.5202080403913045	0.03333333333333333	15.606241211739135
1	443	153.84334131870008	59.126984519406356	7.566666666666666	59.126984519406356	0.479430250837497	0.03333333333333333	14.38290752512491
4	443	150.0827772019436	38.64563634772663	7.566666666666666	38.64563634772663	0.6134815273532274	0.03333333333333333	18.40444582059682
4	444	150.1370647034455	37.949918551645816	7.6	37.949918551645816	0.4852473155076931	0.03333333333333333	14.557419465230794
1	444	153.62700251994585	58.45103384763802	7.6	58.45103384763802	0.502013063020798	0.03333333333333333	15.060391890623938
4	445	150.2561450107153	37.226457557511104	7.633333333333333	37.226457557511104	0.5359347544891773	0.03333333333333333	16.078042634675317
1	445	153.53646628777236	57.77862905127634	7.633333333333333	57.77862905127634	0.4585690993758627	0.03333333333333333	13.757072981275881
1	446	153.4886808348019	56.96649767040397	7.666666666666667	56.96649767040397	0.6604965614226894	0.03333333333333333	19.81489684268068
4	446	150.11453701322375	36.69078197107101	7.666666666666667	36.69078197107101	0.30522042354139317	0.03333333333333333	9.156612706241795
4	447	150.2375394327365	35.93509797450237	7.7	35.93509797450237	0.584647589154029	0.03333333333333333	17.53942767462087
1	447	153.4087024728999	56.17129589800808	7.7	56.17129589800808	0.637333504227244	0.03333333333333333	19.120005126817322
1	448	153.43676203750584	55.625058789881756	7.733333333333333	55.625058789881756	0.29738915616973793	0.03333333333333333	8.921674685092139
4	448	150.22356455332212	35.28605882011828	7.733333333333333	35.28605882011828	0.41965704722879826	0.03333333333333333	12.589711416863947
1	449	153.43610756141862	54.76121659442489	7.766666666666667	54.76121659442489	0.7451484653116891	0.03333333333333333	22.354453959350675
4	449	150.19213582529338	34.734890206014036	7.766666666666667	34.734890206014036	0.30299592086458754	0.03333333333333333	9.089877625937627
1	450	153.35148684900796	54.040617452014	7.8	54.040617452014	0.5247624659496077	0.03333333333333333	15.742873978488232
4	450	150.22800148387017	34.208439040003064	7.8	34.208439040003064	0.2766889810104829	0.03333333333333333	8.300669430314487
4	451	150.30820595107076	33.52917681753117	7.833333333333333	33.52917681753117	0.4660825050077443	0.03333333333333333	13.982475150232329
1	451	153.4941733084306	53.182477984371594	7.833333333333333	53.182477984371594	0.7557244914004798	0.03333333333333333	22.671734742014394
4	452	150.28159419666824	32.8554391646384	7.866666666666666	32.8554391646384	0.452868641631033	0.03333333333333333	13.58605924893099
1	452	153.47589747441774	52.67983139259359	7.866666666666666	52.67983139259359	0.2512805173884831	0.03333333333333333	7.5384155216544935
4	453	150.32419194555666	32.382623251209736	7.8999999999999995	32.382623251209736	0.2237212937191783	0.03333333333333333	6.711638811575349
1	453	153.55189368333518	51.86923620352884	7.8999999999999995	51.86923620352884	0.6614986027383573	0.03333333333333333	19.84495808215072
1	454	153.55401511895718	51.10163659958539	7.933333333333334	51.10163659958539	0.5876802976942744	0.03333333333333333	17.630408930828235
4	454	150.34856205285593	31.553684190726276	7.933333333333334	31.553684190726276	0.6864667730914391	0.03333333333333333	20.594003192743173
1	455	153.6293827835073	50.42301153182393	7.966666666666667	50.42301153182393	0.46446296598641074	0.03333333333333333	13.933888979592322
4	455	150.29002596951997	30.939485463495174	7.966666666666667	30.939485463495174	0.37885970504254834	0.03333333333333333	11.36579115127645
4	456	150.2807622022152	30.37748180977983	8.0	30.37748180977983	0.3141457574824092	0.03333333333333333	9.424372724472276
1	456	153.59343083417107	49.825506448332824	8.0	49.825506448332824	0.3564978301564892	0.03333333333333333	10.694934904694676
1	457	153.6025173629514	49.11424754043127	8.033333333333333	49.11424754043127	0.5042765744798754	0.03333333333333333	15.128297234396262
4	457	150.26474829996434	29.677803766382603	8.033333333333333	29.677803766382603	0.4880866666129397	0.03333333333333333	14.64259999838819
1	458	153.7076172574481	48.416044999810744	8.066666666666666	48.416044999810744	0.4968262230919947	0.03333333333333333	14.904786692759842
4	458	150.12555318244054	29.017833240522428	8.066666666666666	29.017833240522428	0.45317472286869404	0.03333333333333333	13.595241686060822
1	459	153.5724579211688	47.80028117080548	8.1	47.80028117080548	0.39563070755542107	0.03333333333333333	11.868921226662632
4	459	149.98197965493785	28.57699735592018	8.1	28.57699735592018	0.21332792237562895	0.03333333333333333	6.399837671268869
4	460	149.90671639674775	27.620435698138785	8.133333333333333	27.620435698138785	0.9202999973769808	0.03333333333333333	27.608999921309422
1	460	153.6052619468237	47.05314671240389	8.133333333333333	47.05314671240389	0.5576873045058582	0.03333333333333333	16.730619135175747
1	461	153.7684960816797	46.30930715754588	8.166666666666666	46.30930715754588	0.5783882485906633	0.03333333333333333	17.3516474577199
4	461	149.81495324893905	26.94421325566677	8.166666666666666	26.94421325566677	0.46394737184740925	0.03333333333333333	13.918421155422278
4	462	149.75600824548334	26.49416556688049	8.2	26.49416556688049	0.2044203683353512	0.03333333333333333	6.132611050060536
1	462	153.7193268533909	45.677891342245786	8.2	45.677891342245786	0.3993025493519013	0.03333333333333333	11.979076480557039
4	463	149.6531676927124	25.69029609319164	8.233333333333333	25.69029609319164	0.6554235438594399	0.03333333333333333	19.662706315783197
1	463	153.8207851163941	44.89309958101778	8.233333333333333	44.89309958101778	0.6247496014430667	0.03333333333333333	18.742488043292
4	464	149.62221693948769	25.104703972082728	8.266666666666666	25.104703972082728	0.34207254334306875	0.03333333333333333	10.262176300292063
1	464	153.78829325498185	44.21307611760208	8.266666666666666	44.21307611760208	0.461735221391044	0.03333333333333333	13.85205664173132
1	465	153.8615586963641	43.445386909039954	8.3	43.445386909039954	0.5931940297792831	0.03333333333333333	17.795820893378494
4	465	149.6103823962089	24.475375843733826	8.3	24.475375843733826	0.39439107054065886	0.03333333333333333	11.831732116219767
1	466	154.015015423158	42.67644100381713	8.333333333333334	42.67644100381713	0.6133553180510773	0.03333333333333333	18.40065954153232
4	466	149.61758188055228	23.58573421888032	8.333333333333334	23.58573421888032	0.7906029350706634	0.03333333333333333	23.718088052119903
1	467	154.0118314474181	42.09888164725144	8.366666666666667	42.09888164725144	0.33178572041434734	0.03333333333333333	9.953571612430421
4	467	149.62500138373977	23.10166956826357	8.366666666666667	23.10166956826357	0.232704527515589	0.03333333333333333	6.98113582546767
4	468	149.63713235016056	22.4810815076474	8.4	22.4810815076474	0.3834707140540559	0.03333333333333333	11.504121421621678
1	468	154.02808589659875	41.2633837384585	8.4	41.2633837384585	0.6970868199313647	0.03333333333333333	20.91260459794094
1	469	154.08257145537806	40.48253277420985	8.433333333333334	40.48253277420985	0.6112200990592602	0.03333333333333333	18.336602971777808
4	469	149.53847491160144	21.88584805877801	8.433333333333334	21.88584805877801	0.36222852232236913	0.03333333333333333	10.866855669671073
4	470	149.63735041427609	21.11275406007681	8.466666666666667	21.11275406007681	0.6059608654862622	0.03333333333333333	18.178825964587865
1	470	154.07403758323983	39.97810600287452	8.466666666666667	39.97810600287452	0.25280929162892346	0.03333333333333333	7.584278748867704
1	471	154.13439046341222	39.263167871243155	8.5	39.263167871243155	0.513097885912483	0.03333333333333333	15.392936577374488
4	471	149.59734326114912	20.605743515521254	8.5	20.605743515521254	0.2569429684372405	0.03333333333333333	7.708289053117215
4	472	149.51436873471945	20.040712847398808	8.533333333333333	20.040712847398808	0.3243492877999269	0.03333333333333333	9.730478633997807
1	472	154.18377964355795	38.56476401100679	8.533333333333333	38.56476401100679	0.48848866266580415	0.03333333333333333	14.654659879974124
1	473	154.32193261172242	37.760490367452725	8.566666666666666	37.760490367452725	0.6646099640984163	0.03333333333333333	19.93829892295249
4	473	149.53926071240988	19.457702672549697	8.566666666666666	19.457702672549697	0.3387181730721555	0.03333333333333333	10.161545192164665
4	474	149.66244609970443	18.647719928871478	8.6	18.647719928871478	0.6699298817088898	0.03333333333333333	20.097896451266696
1	474	154.24136476316986	37.086853260714996	8.6	37.086853260714996	0.45852215843293936	0.03333333333333333	13.755664752988181
4	475	149.65646098136773	18.142691640180512	8.633333333333333	18.142691640180512	0.2533784534934486	0.03333333333333333	7.6013536048034585
1	475	154.23361015184386	36.630532369569714	8.633333333333333	36.630532369569714	0.2066853779412424	0.03333333333333333	6.2005613382372715
4	476	149.66427597622715	17.528120610952076	8.666666666666666	17.528120610952076	0.3759513801040269	0.03333333333333333	11.278541403120807
1	476	154.19139523693838	35.81544186184485	8.666666666666666	35.81544186184485	0.6648228817298453	0.03333333333333333	19.944686451895357
1	477	154.2888655209741	35.03083042455702	8.7	35.03083042455702	0.6236704713255523	0.03333333333333333	18.71011413976657
4	477	149.65953837232306	16.99254479139917	8.7	16.99254479139917	0.2851046724685115	0.03333333333333333	8.553140174055345
4	478	149.70139711541574	16.388685324450815	8.733333333333333	16.388685324450815	0.3645906705804153	0.03333333333333333	10.937720117412459
1	478	154.22875796534797	34.603886377077174	8.733333333333333	34.603886377077174	0.18435969858385823	0.03333333333333333	5.530790957515747
4	479	149.79753266013034	15.82314029258216	8.766666666666666	15.82314029258216	0.32728637261935617	0.03333333333333333	9.818591178580686
1	479	154.28903510930618	33.890237281057644	8.766666666666666	33.890237281057644	0.5112442233698439	0.03333333333333333	15.337326701095316
4	480	149.76627429734415	15.061773076697481	8.8	15.061773076697481	0.5791043024078334	0.03333333333333333	17.373129072235002
1	480	154.26231336435777	33.09684897082901	8.8	33.09684897082901	0.6287472514952533	0.03333333333333333	18.8624175448576
1	481	154.3486394255437	32.5079914450358	8.833333333333334	32.5079914450358	0.3523990352658202	0.03333333333333333	10.571971057974608
4	481	149.82884231804942	14.585768775931726	8.833333333333334	14.585768775931726	0.2288345543335792	0.03333333333333333	6.865036630007376
4	482	149.7595907403835	14.01826195681391	8.866666666666667	14.01826195681391	0.32506420161001504	0.03333333333333333	9.75192604830045
1	482	154.2894980096974	31.943551124085342	8.866666666666667	31.943551124085342	0.3202980203272243	0.03333333333333333	9.60894060981673
4	483	149.81042310624122	13.375576011298644	8.9	13.375576011298644	0.4138354519654727	0.03333333333333333	12.415063558964182
1	483	154.30751776510934	30.97686837539241	8.9	30.97686837539241	0.9344898219615889	0.03333333333333333	28.034694658847666
4	484	149.83679223682648	12.68908944329258	8.933333333333334	12.68908944329258	0.47021665216324127	0.03333333333333333	14.106499564897238
1	484	154.2640686896532	30.407254124202428	8.933333333333334	30.407254124202428	0.3245529541634778	0.03333333333333333	9.736588624904334
4	485	149.75074150154865	12.175524624846725	8.966666666666667	12.175524624846725	0.2694159059064372	0.03333333333333333	8.082477177193116
1	485	154.1014123703241	29.74867386516533	8.966666666666667	29.74867386516533	0.4584289628064959	0.03333333333333333	13.752868884194879
4	486	149.8552949252961	11.530917271850905	9.0	11.530917271850905	0.42466342063037643	0.03333333333333333	12.739902618911293
1	486	154.03057898365338	29.211070085576555	9.0	29.211070085576555	0.29226753029552843	0.03333333333333333	8.768025908865853
4	487	149.8610888902961	10.855341787816483	9.033333333333333	10.855341787816483	0.45467571551122843	0.03333333333333333	13.640271465336854
1	487	154.0138347337647	28.36600200379157	9.033333333333333	28.36600200379157	0.7132379157407615	0.03333333333333333	21.397137472222845
4	488	149.87076791657896	10.419525431893264	9.066666666666666	10.419525431893264	0.18848143265599931	0.03333333333333333	5.654442979679979
1	488	153.90760977305303	27.682926380772404	9.066666666666666	27.682926380772404	0.47614093883613623	0.03333333333333333	14.284228165084087
1	489	153.8504403889147	26.941169151425875	9.1	26.941169151425875	0.5518616375296197	0.03333333333333333	16.555849125888592
4	489	149.84515454098963	9.857106371719093	9.1	9.857106371719093	0.315182295839792	0.03333333333333333	9.45546887519376
4	490	149.86781905118798	9.3485454459514	9.133333333333333	9.3485454459514	0.25742975006160584	0.03333333333333333	7.722892501848175
1	490	153.80322962323592	26.28858675471097	9.133333333333333	26.28858675471097	0.42630719515926413	0.03333333333333333	12.789215854777924
4	491	149.93849560493314	8.655394759737433	9.166666666666666	8.655394759737433	0.4837279123105814	0.03333333333333333	14.511837369317442
1	491	153.7817857783765	25.63612008883327	9.166666666666666	25.63612008883327	0.4243857530311806	0.03333333333333333	12.731572590935418
4	492	149.9493500258889	8.235532102363424	9.2	8.235532102363424	0.17490121688450555	0.03333333333333333	5.247036506535166
1	492	153.68019031000242	24.925039903077412	9.2	24.925039903077412	0.5142774966218242	0.03333333333333333	15.428324898654726
4	493	149.82202852586641	7.818887903465071	9.233333333333333	7.818887903465071	0.18825574486799165	0.03333333333333333	5.64767234603975
1	493	153.62506293600737	24.256878653984145	9.233333333333333	24.256878653984145	0.4477113437226117	0.03333333333333333	13.431340311678351
1	494	153.50115795217545	23.48374964868893	9.266666666666666	23.48374964868893	0.6116050605277205	0.03333333333333333	18.348151815831613
4	494	149.993666064574	7.082959610536282	9.266666666666666	7.082959610536282	0.5694759633712505	0.03333333333333333	17.084278901137516
