id	FRAME	POSITION_X	POSITION_Y	t	y	delta_r	delta_t	v
2	153	149.79905896749545	219.49607420212325	0.0	219.49607420212325	0.0	0.03333333333333333	0.0
3	153	154.62783438828782	196.40865310384197	0.0	196.40865310384197	0.0	0.03333333333333333	0.0
2	154	149.76518675136575	218.6387750031673	0.03333333333333333	218.6387750031673	0.7349991033562131	0.03333333333333333	22.049973100686394
3	154	154.7468936955344	195.4424601770767	0.03333333333333333	195.4424601770767	0.9474531619870271	0.03333333333333333	28.423594859610812
2	155	149.73739309000146	217.8278306070211	0.06666666666666667	217.8278306070211	0.657049160142594	0.03333333333333333	19.71147480427782
3	155	154.65850324733304	194.61729306196582	0.06666666666666667	194.61729306196582	0.6874495600614888	0.03333333333333333	20.623486801844667
2	156	149.70076963570978	217.0841420414548	0.1	217.0841420414548	0.5528053612441475	0.03333333333333333	16.584160837324426
3	156	154.74781521924587	193.8090384915241	0.1	193.8090384915241	0.6599061138033381	0.03333333333333333	19.797183414100143
2	157	149.5106336520681	216.38055588119443	0.13333333333333333	216.38055588119443	0.5295323150423092	0.03333333333333333	15.885969451269277
3	157	154.7302166385179	192.96013925109656	0.13333333333333333	192.96013925109656	0.7197785307112172	0.03333333333333333	21.593355921336517
2	158	149.51393013800242	215.54307604214802	0.16666666666666666	215.54307604214802	0.7001588849254616	0.03333333333333333	21.00476654776385
3	158	154.86474437146055	192.14101455998158	0.16666666666666666	192.14101455998158	0.6877999683598972	0.03333333333333333	20.633999050796916
2	159	149.52415625194254	214.59515854086888	0.2	214.59515854086888	0.8981792326672362	0.03333333333333333	26.945376980017087
3	159	155.00850803528868	191.29562402008602	0.2	191.29562402008602	0.7342404389901314	0.03333333333333333	22.02721316970394
3	160	154.806163732328	190.61363954769368	0.23333333333333334	190.61363954769368	0.5043509287104241	0.03333333333333333	15.130527861312723
2	160	149.41506327358056	213.9546967093953	0.23333333333333334	213.9546967093953	0.4203029885938422	0.03333333333333333	12.609089657815266
3	161	154.619720614666	189.86604510639611	0.26666666666666666	189.86604510639611	0.5921354843865131	0.03333333333333333	17.764064531595395
2	161	149.69921494244767	212.8362248173996	0.26666666666666666	212.8362248173996	1.3336022041223694	0.03333333333333333	40.008066123671085
3	162	154.54874630685566	189.08115553218326	0.3	189.08115553218326	0.6196334864815122	0.03333333333333333	18.589004594445367
2	162	149.66329114132762	212.004422725889	0.3	212.004422725889	0.6919350114381904	0.03333333333333333	20.75805034314571
3	163	154.36709950863164	188.26694215154654	0.3333333333333333	188.26694215154654	0.6946973622703372	0.03333333333333333	20.840920868110114
2	163	149.66812797070568	211.09131888808983	0.3333333333333333	211.09131888808983	0.8330357031365379	0.03333333333333333	24.991071094096135
2	164	149.7107606492739	210.1060011019001	0.36666666666666664	210.1060011019001	0.9725359129382134	0.03333333333333333	29.176077388146403
3	164	154.14794532755846	187.23284149900573	0.36666666666666664	187.23284149900573	1.1180038639855558	0.03333333333333333	33.540115919566674
2	165	149.79837874005662	209.37772140264855	0.4	209.37772140264855	0.5364279909875742	0.03333333333333333	16.092839729627226
3	165	153.9202783812644	186.36301367323708	0.4	186.36301367323708	0.8075862271349074	0.03333333333333333	24.22758681404722
2	166	149.85079406789654	208.37552886404148	0.43333333333333335	208.37552886404148	1.0071725359774728	0.03333333333333333	30.215176079324184
3	166	153.74044459188718	185.52969422913085	0.43333333333333335	185.52969422913085	0.7256197606942365	0.03333333333333333	21.768592820827095
2	167	149.96678499054002	207.58720528622186	0.4666666666666667	207.58720528622186	0.6334887318622804	0.03333333333333333	19.00466195586841
3	167	153.7241088715347	184.6334348212172	0.4666666666666667	184.6334348212172	0.8026824734902445	0.03333333333333333	24.080474204707333
3	168	153.7492223519631	183.84754949912215	0.5	183.84754949912215	0.6167836403648373	0.03333333333333333	18.503509210945122
2	168	149.9708809782194	206.88685720326126	0.5	206.88685720326126	0.4887860510892378	0.03333333333333333	14.663581532677133
2	169	149.90116335502486	206.20763996629418	0.5333333333333333	206.20763996629418	0.4644472824092322	0.03333333333333333	13.933418472276967
3	169	153.79937094013647	183.00622766744357	0.5333333333333333	183.00622766744357	0.7091415237589545	0.03333333333333333	21.274245712768632
3	170	153.8536561397784	182.1439966086023	0.5666666666666667	182.1439966086023	0.7453145558123888	0.03333333333333333	22.359436674371665
2	170	149.97676757992247	205.41382172867802	0.5666666666666667	205.41382172867802	0.6344467315113014	0.03333333333333333	19.03340194533904
2	171	150.05472985657585	204.6183934279607	0.6	204.6183934279607	0.6373755187358304	0.03333333333333333	19.121265562074914
3	171	153.89593439860326	181.505271534273	0.6	181.505271534273	0.40796021503915175	0.03333333333333333	12.238806451174552
3	172	153.86289639957388	180.66056907792748	0.6333333333333333	180.66056907792748	0.7134318629992453	0.03333333333333333	21.40295588997736
2	172	150.19972170419956	203.57804316680514	0.6333333333333333	203.57804316680514	1.1038860021461774	0.03333333333333333	33.116580064385325
2	173	150.271512953303	202.68815513321425	0.6666666666666666	202.68815513321425	0.7961645579965848	0.03333333333333333	23.884936739897544
3	173	153.80935024766046	179.90797933450557	0.6666666666666666	179.90797933450557	0.5676807296483353	0.03333333333333333	17.030421889450057
2	174	150.22674343865916	201.7438333838392	0.7	201.7438333838392	0.8932534465772761	0.03333333333333333	26.797603397318284
3	174	153.88699864969465	178.8799846288051	0.7	178.8799846288051	1.063121328490672	0.03333333333333333	31.89363985472016
3	175	153.95058420850702	178.0838210895673	0.7333333333333333	178.0838210895673	0.6365083844825628	0.03333333333333333	19.095251534476883
2	175	150.2970437968166	200.8516463380569	0.7333333333333333	200.8516463380569	0.8000645526371116	0.03333333333333333	24.001936579113348
3	176	154.06416840028214	177.28764255547358	0.7666666666666666	177.28764255547358	0.6454148208076288	0.03333333333333333	19.362444624228864
2	176	150.38246472147353	199.8502851562226	0.7666666666666666	199.8502851562226	1.0100705632774911	0.03333333333333333	30.302116898324734
2	177	150.3688296844008	198.91573649258225	0.8	198.91573649258225	0.8729856313330988	0.03333333333333333	26.189568939992963
3	177	154.26273594709195	176.27494945464846	0.8	176.27494945464846	1.0653067023614873	0.03333333333333333	31.959201070844617
2	178	150.4346605012147	198.05290931373798	0.8333333333333334	198.05290931373798	0.7477381330705313	0.03333333333333333	22.43214399211594
3	178	154.32822408854196	175.39524410458282	0.8333333333333334	175.39524410458282	0.7772093428310323	0.03333333333333333	23.31628028493097
3	179	154.3977283922541	174.56694618501626	0.8666666666666667	174.56694618501626	0.6896509931509538	0.03333333333333333	20.689529794528614
2	179	150.44821980379018	197.18493811049112	0.8666666666666667	197.18493811049112	0.7525082486747088	0.03333333333333333	22.575247460241265
3	180	154.2858670914312	173.93065422226502	0.9	173.93065422226502	0.4155877605702648	0.03333333333333333	12.467632817107944
2	180	150.40203834882462	196.28588040180318	0.9	196.28588040180318	0.8095988113605146	0.03333333333333333	24.28796434081544
2	181	150.26357434102482	195.42375653415303	0.9333333333333333	195.42375653415303	0.7614117723415315	0.03333333333333333	22.842353170245943
3	181	154.25581318927655	173.01508494463926	0.9333333333333333	173.01508494463926	0.8384458116034593	0.03333333333333333	25.15337434810378
2	182	150.35149579855718	194.6157382661195	0.9666666666666667	194.6157382661195	0.6592759303600717	0.03333333333333333	19.778277910802153
3	182	154.24730554286728	172.32929616758568	0.9666666666666667	172.32929616758568	0.4686342311155013	0.03333333333333333	14.059026933465038
2	183	150.3413984866683	193.63621729711963	1.0	193.63621729711963	0.9593681898603685	0.03333333333333333	28.781045695811056
3	183	154.22165179127703	171.4097928410396	1.0	171.4097928410396	0.8454484025084184	0.03333333333333333	25.36345207525255
3	184	154.23246983935056	170.55165276240447	1.0333333333333332	170.55165276240447	0.7354126908795576	0.03333333333333333	22.062380726386728
2	184	150.43344055159932	192.76498915717534	1.0333333333333332	192.76498915717534	0.7665104341730378	0.03333333333333333	22.995313025191134
3	185	154.1544008008934	169.846888615877	1.0666666666666667	169.846888615877	0.5010871366098038	0.03333333333333333	15.032614098294113
2	185	150.49863136895016	191.83087627001896	1.0666666666666667	191.83087627001896	0.8762491051764082	0.03333333333333333	26.287473155292247
2	186	150.48332196668719	190.98009346762456	1.1	190.98009346762456	0.7229150285780988	0.03333333333333333	21.687450857342963
3	186	154.03313248223762	168.83650238628215	1.1	168.83650238628215	1.0357647398470022	0.03333333333333333	31.072942195410068
3	187	153.99830379234743	168.01631881887232	1.1333333333333333	168.01631881887232	0.6726052266776845	0.03333333333333333	20.178156800330537
2	187	150.4581078375509	190.1120123034089	1.1333333333333333	190.1120123034089	0.7531533124102063	0.03333333333333333	22.59459937230619
2	188	150.42179414513726	189.13479055332172	1.1666666666666667	189.13479055332172	0.956070468124046	0.03333333333333333	28.682114043721377
3	188	153.86362053732148	167.2626503781665	1.1666666666666667	167.2626503781665	0.5846153153881953	0.03333333333333333	17.53845946164586
3	189	153.8735619077866	166.39859347601998	1.2	166.39859347601998	0.7456194926242158	0.03333333333333333	22.368584778726476
2	189	150.38155693744915	188.33142135011425	1.2	188.33142135011425	0.6456349120573475	0.03333333333333333	19.369047361720423
2	190	150.26339582920005	187.30370681034688	1.2333333333333334	187.30370681034688	1.07051674721237	0.03333333333333333	32.1155024163711
3	190	153.7706761904874	165.56671221852332	1.2333333333333334	165.56671221852332	0.7013913366811514	0.03333333333333333	21.04174010043454
2	191	150.1533811544	186.41791401364358	1.2666666666666666	186.41791401364358	0.7958407428241071	0.03333333333333333	23.875222284723215
3	191	153.79872790844794	164.65530104069256	1.2666666666666666	164.65530104069256	0.8307015785455792	0.03333333333333333	24.921047356367378
2	192	150.08173492816618	185.462163430626	1.3	185.462163430626	0.9182081981377431	0.03333333333333333	27.546245944132295
3	192	153.9703814426585	163.88433185326434	1.3	163.88433185326434	0.622410065165573	0.03333333333333333	18.67230195496719
2	193	150.0404972203356	184.54941081669568	1.3333333333333333	184.54941081669568	0.8340757466605574	0.03333333333333333	25.02227239981672
3	193	153.95768925307806	162.89112570735819	1.3333333333333333	162.89112570735819	0.9865540709488864	0.03333333333333333	29.596622128466592
3	194	153.99655472676017	162.14970580759487	1.3666666666666667	162.14970580759487	0.5495990065034734	0.03333333333333333	16.4879701951042
2	194	149.8691564053727	183.6957795933733	1.3666666666666667	183.6957795933733	0.7570102102347823	0.03333333333333333	22.71030630704347
3	195	153.87655321936973	161.2253392914109	1.4	161.2253392914109	0.8682523278534133	0.03333333333333333	26.0475698356024
2	195	149.92963608615514	182.61400132759744	1.4	182.61400132759744	1.174829551863871	0.03333333333333333	35.24488655591613
3	196	153.72553018587922	160.50741625273284	1.4333333333333333	160.50741625273284	0.5365814723897102	0.03333333333333333	16.097444171691308
2	196	149.95341108967045	181.82616668992102	1.4333333333333333	181.82616668992102	0.619793568154545	0.03333333333333333	18.59380704463635
2	197	149.93642732513638	180.8395800780542	1.4666666666666666	180.8395800780542	0.973513480474405	0.03333333333333333	29.20540441423215
3	197	153.7032385875424	159.60770188475982	1.4666666666666666	159.60770188475982	0.8091424141623113	0.03333333333333333	24.274272424869338
2	198	149.97399075388918	179.78084756614268	1.5	179.78084756614268	1.122963757233395	0.03333333333333333	33.68891271700185
3	198	153.75102428358852	158.74122391724697	1.5	158.74122391724697	0.7520161969634709	0.03333333333333333	22.560485908904127
2	199	149.93076016010912	178.70749243450885	1.5333333333333332	178.70749243450885	1.154774439438043	0.03333333333333333	34.64323318314129
3	199	153.6826545608109	157.956256201928	1.5333333333333332	157.956256201928	0.6193926059737609	0.03333333333333333	18.581778179212826
2	200	149.99210006173158	177.7365529341384	1.5666666666666667	177.7365529341384	0.9462296971391213	0.03333333333333333	28.38689091417364
3	200	153.77627287157944	156.9659838390391	1.5666666666666667	156.9659838390391	0.9893518209719977	0.03333333333333333	29.680554629159932
2	201	150.0141143693735	176.61823732966184	1.6	176.61823732966184	1.2524959481180322	0.03333333333333333	37.57487844354097
3	201	153.7721782136293	156.12311239542825	1.6	156.12311239542825	0.7092536165159584	0.03333333333333333	21.277608495478752
3	202	153.57820220649054	155.34369412335704	1.6333333333333333	155.34369412335704	0.6437280771332656	0.03333333333333333	19.311842313997968
2	202	150.11384752553346	175.48122432021339	1.6333333333333333	175.48122432021339	1.3044436570373712	0.03333333333333333	39.133309711121136
3	203	153.42074262063983	154.27170719049357	1.6666666666666667	154.27170719049357	1.1748773208754488	0.03333333333333333	35.246319626263464
2	203	150.2910844441483	174.32119771034013	1.6666666666666667	174.32119771034013	1.3792468863383445	0.03333333333333333	41.377406590150336
2	204	150.23392572596106	173.44357291518207	1.7	173.44357291518207	0.772514373922896	0.03333333333333333	23.17543121768688
3	204	153.35258524336257	153.55039520783112	1.7	153.55039520783112	0.5232724817596823	0.03333333333333333	15.69817445279047
3	205	153.35913053605785	152.5512379460131	1.7333333333333334	152.5512379460131	0.9983499930097649	0.03333333333333333	29.950499790292948
2	205	150.3823083595929	172.4082535961443	1.7333333333333334	172.4082535961443	1.0943872572534135	0.03333333333333333	32.831617717602406
2	206	150.39023571027911	171.3543961869212	1.7666666666666666	171.3543961869212	1.111252764516043	0.03333333333333333	33.337582935481294
3	206	153.32323860395374	151.82558229931274	1.7666666666666666	151.82558229931274	0.5262055628341828	0.03333333333333333	15.786166885025485
3	207	153.5058627470921	150.63754317338768	1.8	150.63754317338768	1.4474097989515202	0.03333333333333333	43.42229396854561
2	207	150.28499828740047	170.36834135825623	1.8	170.36834135825623	0.9832978505936675	0.03333333333333333	29.498935517810025
2	208	150.29027224178273	169.3788238869896	1.8333333333333333	169.3788238869896	0.9790711230701656	0.03333333333333333	29.37213369210497
3	208	153.24981933415995	150.0509353688712	1.8333333333333333	150.0509353688712	0.4078699421287357	0.03333333333333333	12.23609826386207
3	209	153.2904527806557	148.82387857114608	1.8666666666666667	148.82387857114608	1.5103693792898716	0.03333333333333333	45.31108137869615
2	209	150.24623104934687	168.40047575887618	1.8666666666666667	168.40047575887618	0.9589074269772127	0.03333333333333333	28.76722280931638
2	210	150.2805831338439	167.43935377918822	1.9	167.43935377918822	0.9245800547020165	0.03333333333333333	27.737401641060497
3	210	153.30499192439825	147.93781720989514	1.9	147.93781720989514	0.7843817624394045	0.03333333333333333	23.531452873182136
2	211	150.3226329910474	166.23546469912938	1.9333333333333333	166.23546469912938	1.4537811466046733	0.03333333333333333	43.6134343981402
3	211	153.30151468626562	146.88095081661925	1.9333333333333333	146.88095081661925	1.1175875468694596	0.03333333333333333	33.52762640608379
3	212	153.37921888403815	146.07106374841703	1.9666666666666666	146.07106374841703	0.6606110671536345	0.03333333333333333	19.818332014609034
2	212	150.29347685753402	165.20908455646313	1.9666666666666666	165.20908455646313	1.0545809699103201	0.03333333333333333	31.637429097309603
3	213	153.5139041026141	145.1577299708685	2.0	145.1577299708685	0.8516480393388869	0.03333333333333333	25.549441180166607
2	213	150.3769692034325	164.23152394097616	2.0	164.23152394097616	0.9624149765962865	0.03333333333333333	28.872449297888597
3	214	153.68868904537698	144.33650027779024	2.033333333333333	144.33650027779024	0.7037549371273963	0.03333333333333333	21.11264811382189
2	214	150.37123268749957	163.28832174375177	2.033333333333333	163.28832174375177	0.8891510590038734	0.03333333333333333	26.6745317701162
3	215	153.71510416753782	143.51123741957852	2.0666666666666664	143.51123741957852	0.6804711993247283	0.03333333333333333	20.41413597974185
2	215	150.34289274326687	162.21374242264062	2.0666666666666664	162.21374242264062	1.1563470038163146	0.03333333333333333	34.69041011448944
2	216	150.4341594353757	161.20577325882263	2.1	161.20577325882263	1.024452758276976	0.03333333333333333	30.73358274830928
3	216	153.85779975546185	142.69127513592304	2.1	142.69127513592304	0.691448440460071	0.03333333333333333	20.74345321380213
3	217	153.95166254465354	141.88433573823616	2.1333333333333333	141.88433573823616	0.6586117378567627	0.03333333333333333	19.758352135702882
2	217	150.21860787179017	160.4418346513952	2.1333333333333333	160.4418346513952	0.6286325592487311	0.03333333333333333	18.858976777461933
3	218	153.91939219054953	141.0688350594819	2.1666666666666665	141.0688350594819	0.6647507699801479	0.03333333333333333	19.94252309940444
2	218	150.28654217123182	159.24362321424542	2.1666666666666665	159.24362321424542	1.4429168866857471	0.03333333333333333	43.287506600572414
3	219	153.91794091436998	140.27171527539076	2.2	140.27171527539076	0.6339841558136191	0.03333333333333333	19.019524674408572
2	219	150.36354190022155	158.149855732041	2.2	158.149855732041	1.2033476816307487	0.03333333333333333	36.10043044892246
2	220	150.2259602185919	157.4223819830107	2.2333333333333334	157.4223819830107	0.546525751796269	0.03333333333333333	16.395772553888072
3	220	153.98106663930426	139.42188936723704	2.2333333333333334	139.42188936723704	0.7250452888071985	0.03333333333333333	21.751358664215957
3	221	153.84256072291896	138.50605004829657	2.2666666666666666	138.50605004829657	0.8572982500147309	0.03333333333333333	25.718947500441928
2	221	150.24517737738742	156.4270818939069	2.2666666666666666	156.4270818939069	0.9909473911566895	0.03333333333333333	29.728421734700685
3	222	153.83806378375266	137.61645593681	2.3	137.61645593681	0.790486349716244	0.03333333333333333	23.71459049148732
2	222	150.15464216871808	155.51074525546358	2.3	155.51074525546358	0.8471804591106422	0.03333333333333333	25.415413773319266
3	223	153.76160264693598	136.49790172275152	2.3333333333333335	136.49790172275152	1.2584270148105168	0.03333333333333333	37.75281044431551
2	223	150.01894684251775	154.60972396974182	2.3333333333333335	154.60972396974182	0.8294920936986488	0.03333333333333333	24.884762810959465
3	224	153.73179398795116	135.76975706327335	2.3666666666666667	135.76975706327335	0.5294301557103491	0.03333333333333333	15.882904671310474
2	224	149.81455800276427	153.49760418729642	2.3666666666666667	153.49760418729642	1.2801340282157243	0.03333333333333333	38.40402084647173
2	225	149.7704050431017	152.43735989971526	2.4	152.43735989971526	1.1267262497597528	0.03333333333333333	33.801787492792585
3	225	153.7702278717528	134.81837270709624	2.4	134.81837270709624	0.9061715905146599	0.03333333333333333	27.185147715439797
2	226	149.63356333733955	151.49724352083803	2.433333333333333	151.49724352083803	0.9020886854966559	0.03333333333333333	27.062660564899677
3	226	153.89414008789382	134.01307475658172	2.433333333333333	134.01307475658172	0.6625205962832266	0.03333333333333333	19.875617888496798
2	227	149.62703565729686	150.4082380733967	2.466666666666667	150.4082380733967	1.1869723878673855	0.03333333333333333	35.609171636021564
3	227	153.94317101615655	133.07964413639004	2.466666666666667	133.07964413639004	0.8731158189583015	0.03333333333333333	26.193474568749046
2	228	149.67227820853702	149.465324714167	2.5	149.465324714167	0.8906266514122141	0.03333333333333333	26.718799542366423
3	228	153.9473372038683	132.2591721378039	2.5	132.2591721378039	0.6718806154241661	0.03333333333333333	20.156418462724982
3	229	154.11792636642892	131.1598224923614	2.533333333333333	131.1598224923614	1.2389710454138703	0.03333333333333333	37.16913136241611
2	229	149.6757572253959	148.4723214597246	2.533333333333333	148.4723214597246	0.9859994163694143	0.03333333333333333	29.57998249108243
2	230	149.78708502797252	147.42198889554288	2.5666666666666664	147.42198889554288	1.1161936732409348	0.03333333333333333	33.48581019722804
3	230	154.2358016455031	130.2740058302555	2.5666666666666664	130.2740058302555	0.7976813573857561	0.03333333333333333	23.930440721572683
3	231	154.25697844963037	129.6628966685782	2.6	129.6628966685782	0.37209526104694224	0.03333333333333333	11.162857831408267
2	231	149.8247278826459	146.46697490115758	2.6	146.46697490115758	0.9130615377448488	0.03333333333333333	27.391846132345464
3	232	154.42443102984015	128.7281662222787	2.6333333333333333	128.7281662222787	0.9013021425724969	0.03333333333333333	27.039064277174905
2	232	149.92054612635388	145.35194330769843	2.6333333333333333	145.35194330769843	1.2538663428895649	0.03333333333333333	37.615990286686944
2	233	149.99905267285504	144.53481065902275	2.6666666666666665	144.53481065902275	0.672560014092472	0.03333333333333333	20.17680042277416
3	233	154.40799550425618	127.9502602298938	2.6666666666666665	127.9502602298938	0.6039130177174333	0.03333333333333333	18.117390531523
2	234	150.1376186790901	143.54600937531043	2.7	143.54600937531043	0.9969134095490502	0.03333333333333333	29.907402286471505
3	234	154.31237493542474	127.0534587847509	2.7	127.0534587847509	0.8125689707508915	0.03333333333333333	24.377069122526745
2	235	150.1798941251411	142.63149979964362	2.7333333333333334	142.63149979964362	0.8373861698496448	0.03333333333333333	25.121585095489344
3	235	154.35567577372856	126.09111132692472	2.7333333333333334	126.09111132692472	0.9276460024116319	0.03333333333333333	27.829380072348957
3	236	154.28484474426546	125.3281277878397	2.7666666666666666	125.3281277878397	0.5856228347769221	0.03333333333333333	17.568685043307664
2	236	150.20058542498262	141.73900396637805	2.7666666666666666	141.73900396637805	0.7960865087611753	0.03333333333333333	23.88259526283526
2	237	150.29589418784047	140.77400832045856	2.8	140.77400832045856	0.9400152694840996	0.03333333333333333	28.20045808452299
3	237	154.10393532191281	124.48102235850892	2.8	124.48102235850892	0.7492548136065499	0.03333333333333333	22.477644408196497
2	238	150.22528037970352	139.8617533214216	2.8333333333333335	139.8617533214216	0.8364629621758894	0.03333333333333333	25.093888865276682
3	238	154.11860052389264	123.60205960620245	2.8333333333333335	123.60205960620245	0.7718099979807016	0.03333333333333333	23.154299939421048
2	239	150.2386065157146	138.92349416148312	2.8666666666666667	138.92349416148312	0.8799560337180895	0.03333333333333333	26.398681011542685
3	239	154.03635535407525	122.65537155967787	2.8666666666666667	122.65537155967787	0.9025286888199802	0.03333333333333333	27.075860664599404
3	240	153.98539906837385	121.8689987900134	2.9	121.8689987900134	0.6195228827281932	0.03333333333333333	18.585686481845798
2	240	150.347587524078	137.94886033541127	2.9	137.94886033541127	0.9616033778216622	0.03333333333333333	28.848101334649865
2	241	150.26329114400536	137.00610525415732	2.933333333333333	137.00610525415732	0.8954079811955042	0.03333333333333333	26.862239435865128
3	241	153.8668936860516	121.0310024790386	2.933333333333333	121.0310024790386	0.7151049095441052	0.03333333333333333	21.45314728632316
2	242	150.3275308043946	136.04927500913993	2.966666666666667	136.04927500913993	0.9192714636743514	0.03333333333333333	27.578143910230544
3	242	153.70056920373204	120.32870418613756	2.966666666666667	120.32870418613756	0.519215830692303	0.03333333333333333	15.57647492076909
2	243	150.39238468999207	135.01070716152915	3.0	135.01070716152915	1.0832537628844314	0.03333333333333333	32.49761288653294
3	243	153.64497028012687	119.60080724244983	3.0	119.60080724244983	0.531275483440552	0.03333333333333333	15.93826450321656
3	244	153.62210200709458	118.66073804707935	3.033333333333333	118.66073804707935	0.8837173767870322	0.03333333333333333	26.511521303610966
2	244	150.37872786041206	134.06515642963421	3.033333333333333	134.06515642963421	0.893760473250072	0.03333333333333333	26.81281419750216
3	245	153.44548248630124	118.01361124993568	3.0666666666666664	118.01361124993568	0.44820088654755497	0.03333333333333333	13.446026596426648
2	245	150.41630316213224	133.09091653847287	3.0666666666666664	133.09091653847287	0.9503178498750461	0.03333333333333333	28.509535496251385
3	246	153.35863901640826	117.19542387304685	3.1	117.19542387304685	0.6756726072977972	0.03333333333333333	20.270178218933918
2	246	150.40716555351617	132.21832325862718	3.1	132.21832325862718	0.7604811346717758	0.03333333333333333	22.814434040153273
2	247	150.4565106100431	131.17622204601622	3.1333333333333333	131.17622204601622	1.0888641954384484	0.03333333333333333	32.665925863153454
3	247	153.37191508472608	116.23577505408487	3.1333333333333333	116.23577505408487	0.9207292747835548	0.03333333333333333	27.621878243506647
2	248	150.37773980994206	130.33577549128478	3.1666666666666665	130.33577549128478	0.7113666596521252	0.03333333333333333	21.340999789563757
3	248	153.60627484516274	115.11025372924057	3.1666666666666665	115.11025372924057	1.3235401511404885	0.03333333333333333	39.706204534214656
3	249	153.67538576238792	114.29132359592757	3.2	114.29132359592757	0.6741184828389285	0.03333333333333333	20.223554485167856
2	249	150.40090861331987	129.37198890298686	3.2	129.37198890298686	0.9290863296238489	0.03333333333333333	27.872589888715467
3	250	153.81874691914498	113.43255907632769	3.2333333333333334	113.43255907632769	0.7569951379193179	0.03333333333333333	22.709854137579537
2	250	150.40696145871166	128.5029970863835	3.2333333333333334	128.5029970863835	0.7541395395944305	0.03333333333333333	22.624186187832915
3	251	153.69003804690072	112.63581510178221	3.2666666666666666	112.63581510178221	0.6499928609025546	0.03333333333333333	19.49978582707664
2	251	150.44989707657314	127.46932135939896	3.2666666666666666	127.46932135939896	1.070687393585459	0.03333333333333333	32.12062180756377
2	252	150.50981722609626	126.71233485920408	3.3	126.71233485920408	0.5750571947324169	0.03333333333333333	17.25171584197251
3	252	153.76537478806497	111.92394113710401	3.3	111.92394113710401	0.510755230240007	0.03333333333333333	15.32265690720021
3	253	153.69427557499588	110.98300689107634	3.3333333333333335	110.98300689107634	0.8899033781268904	0.03333333333333333	26.69710134380671
2	253	150.42016903010756	125.86051986247288	3.3333333333333335	125.86051986247288	0.7325069974778213	0.03333333333333333	21.97520992433464
3	254	153.59406868610762	110.31900250402141	3.3666666666666667	110.31900250402141	0.4491775484455461	0.03333333333333333	13.475326453366383
2	254	150.41474639926778	124.7750620310082	3.3666666666666667	124.7750620310082	1.1792005528623828	0.03333333333333333	35.37601658587148
2	255	150.2647621846572	123.87377566423707	3.4	123.87377566423707	0.8340702212434341	0.03333333333333333	25.022106637303022
3	255	153.56448906208445	109.4829379352122	3.4	109.4829379352122	0.698649690951144	0.03333333333333333	20.959490728534323
3	256	153.5705199356854	108.57812449640095	3.433333333333333	108.57812449640095	0.8179174623077866	0.03333333333333333	24.5375238692336
2	256	150.21489855862208	123.03845527094221	3.433333333333333	123.03845527094221	0.6990184768223254	0.03333333333333333	20.970554304669765
3	257	153.4968202293933	107.77228827977116	3.466666666666667	107.77228827977116	0.6534392698184831	0.03333333333333333	19.603178094554494
2	257	150.07091984771438	122.03339584436371	3.466666666666667	122.03339584436371	1.0310287472480277	0.03333333333333333	30.93086241744083
3	258	153.66114212578483	106.85665067146685	3.5	106.85665067146685	0.8647778223631782	0.03333333333333333	25.943334670895347
2	258	149.9860840782613	121.194318908629	3.5	121.194318908629	0.7100543761959028	0.03333333333333333	21.301631285877086
3	259	153.71670522982762	106.02794454723566	3.533333333333333	106.02794454723566	0.6885804987712693	0.03333333333333333	20.657414963138077
2	259	149.78588033478266	120.20778651668884	3.533333333333333	120.20778651668884	1.013393791203019	0.03333333333333333	30.401813736090574
2	260	149.7713255386471	119.32960378483138	3.5666666666666664	119.32960378483138	0.7704311526774732	0.03333333333333333	23.112934580324197
3	260	153.70416682501983	105.38238342441973	3.5666666666666664	105.38238342441973	0.415113435145724	0.03333333333333333	12.453403054371721
3	261	153.77129755943048	104.46235615694529	3.6	104.46235615694529	0.8502804234286752	0.03333333333333333	25.508412702860255
2	261	149.7402611221661	118.56064565692459	3.6	118.56064565692459	0.5907353282000538	0.03333333333333333	17.722059846001613
3	262	153.8037071658045	103.52931063075614	3.6333333333333333	103.52931063075614	0.8710345887521601	0.03333333333333333	26.131037662564804
2	262	149.79752810918325	117.54358204744535	3.6333333333333333	117.54358204744535	1.037887073349974	0.03333333333333333	31.136612200499222
3	263	153.77851263297669	102.83537747497758	3.6666666666666665	102.83537747497758	0.48044846941662145	0.03333333333333333	14.413454082498644
2	263	149.82485318970012	116.6579858373482	3.6666666666666665	116.6579858373482	0.7840918700383261	0.03333333333333333	23.522756101149785
3	264	153.9270821968513	101.7319223063856	3.6999999999999997	101.7319223063856	1.2409990324297688	0.03333333333333333	37.229970972893064
2	264	149.8301249183715	115.65217283861416	3.6999999999999997	115.65217283861416	1.0117454911008712	0.03333333333333333	30.352364733026135
2	265	150.03007483479254	114.77437164173624	3.7333333333333334	114.77437164173624	0.8096765322317365	0.03333333333333333	24.290295966952097
3	265	153.85742838346806	100.948201878199	3.7333333333333334	100.948201878199	0.6176086771893395	0.03333333333333333	18.528260315680185
2	266	149.912903657124	113.83388914865455	3.7666666666666666	113.83388914865455	0.8977616469667449	0.03333333333333333	26.932849409002348
3	266	154.04165038029788	100.1635848519774	3.7666666666666666	100.1635848519774	0.6481824943287863	0.03333333333333333	19.44547482986359
2	267	149.884753972337	112.89451068152115	3.8	112.89451068152115	0.8826841975638915	0.03333333333333333	26.480525926916744
3	267	154.0280843907129	99.3887293105344	3.8	99.3887293105344	0.5990786087709764	0.03333333333333333	17.972358263129294
3	268	154.22331119242526	98.4414217283848	3.8333333333333335	98.4414217283848	0.9351979716339197	0.03333333333333333	28.055939149017593
2	268	149.8475257898815	111.97775917232941	3.8333333333333335	111.97775917232941	0.8411055109668908	0.03333333333333333	25.233165329006724
3	269	154.1863091879876	98.03444028472383	3.8666666666666667	98.03444028472383	0.1655371264488517	0.03333333333333333	4.966113793465551
2	269	149.85132997406708	111.14885610754664	3.8666666666666667	111.14885610754664	0.6858257040312712	0.03333333333333333	20.574771120938134
3	270	154.17303132572897	97.19019501599787	3.9	97.19019501599787	0.7117389913190924	0.03333333333333333	21.35216973957277
2	270	149.8337087869326	110.24438269349741	3.9	110.24438269349741	0.8175750525114089	0.03333333333333333	24.52725157534227
3	271	154.21284926202426	96.52217538944141	3.933333333333333	96.52217538944141	0.44606696377227617	0.03333333333333333	13.382008913168285
2	271	149.9041382219898	109.14449063719276	3.933333333333333	109.14449063719276	1.2158873634660352	0.03333333333333333	36.47662090398106
3	272	154.0972009554644	95.68171707879864	3.966666666666667	95.68171707879864	0.7185796554693454	0.03333333333333333	21.557389664080365
2	272	149.7974704048619	108.44991653216968	3.966666666666667	108.44991653216968	0.4920977518905786	0.03333333333333333	14.762932556717358
3	273	154.09777119364148	94.87596875273407	4.0	94.87596875273407	0.64785063878547	0.03333333333333333	19.435519163564102
2	273	149.92031817857756	107.36541787406851	4.0	107.36541787406851	1.1922562021337346	0.03333333333333333	35.76768606401204
2	274	149.90541213186626	106.58929021444756	4.033333333333333	106.58929021444756	0.601094651054354	0.03333333333333333	18.03283953163062
3	274	154.19176974705272	94.25932891330106	4.033333333333333	94.25932891330106	0.38727534445159284	0.03333333333333333	11.618260333547786
2	275	149.8662409742151	105.54086443978319	4.066666666666666	105.54086443978319	1.1012515162071232	0.03333333333333333	33.037545486213695
3	275	154.21805651325232	93.37907731311384	4.066666666666666	93.37907731311384	0.7745633233859527	0.03333333333333333	23.23689970157858
2	276	149.8993738267904	104.64499538119831	4.1	104.64499538119831	0.8028143525592268	0.03333333333333333	24.084430576776807
3	276	154.19828366214062	92.72436928135113	4.1	92.72436928135113	0.4272488233443001	0.03333333333333333	12.817464700329003
2	277	149.9353847731129	103.82492364629223	4.133333333333333	103.82492364629223	0.6725052469794162	0.03333333333333333	20.175157409382486
3	277	154.1459454178035	91.89310533745164	4.133333333333333	91.89310533745164	0.692490534189785	0.03333333333333333	20.77471602569355
2	278	149.91179383705875	102.97064756781042	4.166666666666667	102.97064756781042	0.729214459785707	0.03333333333333333	21.87643379357121
3	278	153.9916432559731	90.96658059832956	4.166666666666667	90.96658059832956	0.8817129706794624	0.03333333333333333	26.451389120383872
2	279	150.14055053791833	102.0121305383913	4.2	102.0121305383913	0.9709441716333346	0.03333333333333333	29.128325149000037
3	279	153.88630780638505	90.29740584269899	4.2	90.29740584269899	0.4571329336280797	0.03333333333333333	13.713988008842392
3	280	153.63501958489462	89.40936121070835	4.233333333333333	89.40936121070835	0.851096108505833	0.03333333333333333	25.53288325517499
2	280	150.24270018818657	100.86631701688215	4.233333333333333	100.86631701688215	1.3251506784817892	0.03333333333333333	39.754520354453675
2	281	150.24964417167791	99.98799072938101	4.266666666666667	99.98799072938101	0.7705200087591777	0.03333333333333333	23.11560026277533
3	281	153.53625943197494	88.65213443112425	4.266666666666667	88.65213443112425	0.5815987413979731	0.03333333333333333	17.44796224193919
2	282	150.3898455762356	98.92917375696928	4.3	98.92917375696928	1.141490063529971	0.03333333333333333	34.24470190589913
3	282	153.22000937822133	87.62181627423377	4.3	87.62181627423377	1.1624269231894497	0.03333333333333333	34.87280769568349
3	283	153.24088433603728	86.9356237757906	4.333333333333333	86.9356237757906	0.46955261770317624	0.03333333333333333	14.086578531095288
2	283	150.31583960055633	97.97176691386755	4.333333333333333	97.97176691386755	0.9217364467174013	0.03333333333333333	27.652093401522038
3	284	153.29186539900272	85.92439218682077	4.366666666666666	85.92439218682077	1.0253140345245313	0.03333333333333333	30.75942103573594
2	284	150.45040507212067	97.10130890564608	4.366666666666666	97.10130890564608	0.7748354547953842	0.03333333333333333	23.245063643861524
3	285	153.3622952132599	85.04810125403822	4.4	85.04810125403822	0.7718657703969563	0.03333333333333333	23.155973111908686
2	285	150.47596507203096	96.17122001595176	4.4	96.17122001595176	0.8651039310107017	0.03333333333333333	25.953117930321053
3	286	153.6370451642895	84.10633668970405	4.433333333333334	84.10633668970405	0.962226388926311	0.03333333333333333	28.86679166778933
2	286	150.39177017357125	95.17845111715373	4.433333333333334	95.17845111715373	0.9926429353564431	0.03333333333333333	29.779288060693293
2	287	150.43122168314866	94.00734221687605	4.466666666666667	94.00734221687605	1.3751985426784312	0.03333333333333333	41.25595628035294
3	287	153.6696348922757	83.2765433672758	4.466666666666667	83.2765433672758	0.688357762310636	0.03333333333333333	20.65073286931908
3	288	153.90697937325208	82.27950673065645	4.5	82.27950673065645	1.0506689948883252	0.03333333333333333	31.520069846649758
2	288	150.3395085445687	93.19806909137259	4.5	93.19806909137259	0.6619943405730885	0.03333333333333333	19.859830217192656
2	289	150.21181709958063	92.2649625197368	4.533333333333333	92.2649625197368	0.8864691562174687	0.03333333333333333	26.59407468652406
3	289	153.86885755263611	81.75380894673322	4.533333333333333	81.75380894673322	0.2760641076795351	0.03333333333333333	8.281923230386052
3	290	154.045065153349	80.94663686413352	4.566666666666666	80.94663686413352	0.6812930312724842	0.03333333333333333	20.438790938174527
2	290	150.04096911990572	91.57587826040964	4.566666666666666	91.57587826040964	0.5023279088189655	0.03333333333333333	15.069837264568966
3	291	154.0101083192321	80.16564384406931	4.6	80.16564384406931	0.6096914635220865	0.03333333333333333	18.290743905662595
2	291	150.0804658617354	90.3368448211638	4.6	90.3368448211638	1.540020109923773	0.03333333333333333	46.20060329771319
3	292	154.11533230847164	79.353071908051	4.633333333333333	79.353071908051	0.6700287273655822	0.03333333333333333	20.100861820967467
2	292	149.95843002859067	89.61165681866171	4.633333333333333	89.61165681866171	0.5391552288259128	0.03333333333333333	16.174656864777386
3	293	154.0789916636867	78.54293444301156	4.666666666666667	78.54293444301156	0.6562870428570353	0.03333333333333333	19.68861128571106
2	293	149.82918750444063	88.6726950622337	4.666666666666667	88.6726950622337	0.8978785640195313	0.03333333333333333	26.936356920585936
2	294	149.75779947118912	87.94632876791519	4.7	87.94632876791519	0.5310541264404371	0.03333333333333333	15.931623793213115
3	294	154.13541486444754	77.82416467349474	4.7	77.82416467349474	0.5181408425494111	0.03333333333333333	15.544225276482331
2	295	149.68547337476102	87.07142577381052	4.733333333333333	87.07142577381052	0.7696980546727761	0.03333333333333333	23.09094164018328
3	295	154.04519361333647	77.25702030255516	4.733333333333333	77.25702030255516	0.327995364077719	0.03333333333333333	9.839860922331571
3	296	154.12831718114504	76.30378733218294	4.766666666666667	76.30378733218294	0.915164835916148	0.03333333333333333	27.45494507748444
2	296	149.66321688430634	86.21382737862524	4.766666666666667	86.21382737862524	0.7348597449762697	0.03333333333333333	22.045792349288092
3	297	154.20270140697755	75.4528652795335	4.8	75.4528652795335	0.7284691593430437	0.03333333333333333	21.85407478029131
2	297	149.6607539955389	85.39317805390809	4.8	85.39317805390809	0.67216116861744	0.03333333333333333	20.164835058523202
2	298	149.73469084827644	84.54885994036462	4.833333333333333	84.54885994036462	0.7171700589015647	0.03333333333333333	21.515101767046943
3	298	154.07844358019776	74.81335853122097	4.833333333333333	74.81335853122097	0.42262081407153534	0.03333333333333333	12.678624422146061
3	299	154.1452644589925	74.03151478718901	4.866666666666666	74.03151478718901	0.6142755332907327	0.03333333333333333	18.428265998721983
2	299	149.726001914819	83.48437831751113	4.866666666666666	83.48437831751113	1.1338948620638571	0.03333333333333333	34.01684586191571
3	300	154.42720859275906	72.97616903316148	4.9	72.97616903316148	1.194286141984694	0.03333333333333333	35.82858425954082
2	300	149.7972111605084	82.89114774504655	4.9	82.89114774504655	0.3551864295502354	0.03333333333333333	10.655592886507062
3	301	154.40609645172026	72.049130117023	4.933333333333334	72.049130117023	0.8592075126256215	0.03333333333333333	25.776225378768643
2	301	149.77346637941753	81.82635128925948	4.933333333333334	81.82635128925948	1.1350599742345366	0.03333333333333333	34.0517992270361
3	302	154.52747809388256	71.37451519509662	4.966666666666667	71.37451519509662	0.4680937543375971	0.03333333333333333	14.042812630127912
2	302	149.80166634714746	81.05129305606866	4.966666666666667	81.05129305606866	0.6000061949272014	0.03333333333333333	18.00018584781604
2	303	149.89674513715062	80.22791020476599	5.0	80.22791020476599	0.6857299444806035	0.03333333333333333	20.571898334418105
3	303	154.53434965043968	70.49301564662487	5.0	70.49301564662487	0.7761238334355425	0.03333333333333333	23.283715003066273
2	304	149.97751148086482	79.308598505769	5.033333333333333	79.308598505769	0.8509838099319522	0.03333333333333333	25.529514297958567
3	304	154.54158691240892	69.88491391142279	5.033333333333333	69.88491391142279	0.36803232806481956	0.03333333333333333	11.040969841944587
3	305	154.40631545570392	69.25081786692078	5.066666666666666	69.25081786692078	0.4185853889613896	0.03333333333333333	12.557561668841688
2	305	149.92204389130129	78.6464622861748	5.066666666666666	78.6464622861748	0.43972645949603756	0.03333333333333333	13.191793784881128
3	306	154.44283933704085	68.14882773794346	5.1	68.14882773794346	1.2168866135629979	0.03333333333333333	36.506598406889935
2	306	149.98228975090726	77.73898438169036	5.1	77.73898438169036	0.8263728092557624	0.03333333333333333	24.791184277672873
2	307	150.00620207586286	76.9954539933339	5.133333333333333	76.9954539933339	0.551798623567588	0.03333333333333333	16.55395870702764
3	307	154.41678195873973	67.3271357588229	5.133333333333333	67.3271357588229	0.674553592021247	0.03333333333333333	20.23660776063741
2	308	149.90247944914591	76.30108609899222	5.166666666666667	76.30108609899222	0.4911903974160289	0.03333333333333333	14.735711922480867
3	308	154.2753762872239	66.70475279749574	5.166666666666667	66.70475279749574	0.405557946068192	0.03333333333333333	12.16673838204576
2	309	149.95065239304864	75.45031627606545	5.2	75.45031627606545	0.7249860843357827	0.03333333333333333	21.749582530073482
3	309	154.32551765780448	65.86908188865797	5.2	65.86908188865797	0.6996339033262682	0.03333333333333333	20.989017099788047
3	310	154.38221126969552	65.04144578887282	5.233333333333333	65.04144578887282	0.6869300049376265	0.03333333333333333	20.607900148128795
2	310	149.89669600618262	74.79706434900937	5.233333333333333	74.79706434900937	0.4278650841303706	0.03333333333333333	12.835952523911118
3	311	154.42424052353078	64.27610916698121	5.266666666666667	64.27610916698121	0.5859693155267977	0.03333333333333333	17.57907946580393
2	311	149.91298899999418	74.0854658026441	5.266666666666667	74.0854658026441	0.504943769078266	0.03333333333333333	15.14831307234798
3	312	154.46934075320445	63.3435967122397	5.3	63.3435967122397	0.8710237152141785	0.03333333333333333	26.130711456425356
2	312	149.91392264657733	73.31682112527056	5.3	73.31682112527056	0.5892858695454181	0.03333333333333333	17.678576086362543
2	313	149.86808772596513	72.49930878114131	5.333333333333333	72.49930878114131	0.6691080510697066	0.03333333333333333	20.0732415320912
3	313	154.50761769414694	62.79763478531915	5.333333333333333	62.79763478531915	0.29776600113309054	0.03333333333333333	8.932980033992717
3	314	154.40291880746068	62.11891937414903	5.366666666666666	62.11891937414903	0.46987356324289803	0.03333333333333333	14.09620689728694
2	314	149.94198354650018	71.5536009658627	5.366666666666666	71.5536009658627	0.899356090290028	0.03333333333333333	26.980682708700844
3	315	154.31662945663163	61.31759461298483	5.4	61.31759461298483	0.648188112943898	0.03333333333333333	19.44564338831694
2	315	149.93967355094264	70.7965587379457	5.4	70.7965587379457	0.5715488159029014	0.03333333333333333	17.146464477087044
3	316	154.30192620994768	60.453943565842934	5.433333333333334	60.453943565842934	0.7450336169918887	0.03333333333333333	22.351008509756664
2	316	150.165111361225	69.77980979316962	5.433333333333334	69.77980979316962	1.0850346167571865	0.03333333333333333	32.55103850271559
2	317	150.19231907122582	68.94638891863293	5.466666666666667	68.94638891863293	0.6940870824738161	0.03333333333333333	20.822612474214484
3	317	154.29432176096196	59.729592890087616	5.466666666666667	59.729592890087616	0.5230774677541733	0.03333333333333333	15.6923240326252
2	318	150.10353065819575	68.56580605709837	5.5	68.56580605709837	0.15131946708661967	0.03333333333333333	4.53958401259859
3	318	154.1763895668629	58.84017392921577	5.5	58.84017392921577	0.8041142707816816	0.03333333333333333	24.12342812345045
3	319	154.04199961625574	58.26442619423697	5.533333333333333	58.26442619423697	0.3477408511396806	0.03333333333333333	10.432225534190419
2	319	150.14488390386222	67.40650626885052	5.533333333333333	67.40650626885052	1.3476557210139517	0.03333333333333333	40.429671630418554
2	320	150.21031806374677	66.71591505266029	5.566666666666666	66.71591505266029	0.47946704698895415	0.03333333333333333	14.384011409668625
3	320	153.81399351398997	57.61580820811793	5.566666666666666	57.61580820811793	0.4709504816548773	0.03333333333333333	14.12851444964632
2	321	150.17906070590843	65.84932204990768	5.6	65.84932204990768	0.7509052144220028	0.03333333333333333	22.52715643266008
3	321	153.79447152321882	56.41673098741489	5.6	56.41673098741489	1.440743931975479	0.03333333333333333	43.222317959264366
3	322	153.7613588553206	55.73185609471821	5.633333333333333	55.73185609471821	0.4684053978999058	0.03333333333333333	14.052161936997175
2	322	150.23992838596118	65.12527708356298	5.633333333333333	65.12527708356298	0.5262873466076754	0.03333333333333333	15.788620398230263
2	323	150.1819335182822	64.34419633923811	5.666666666666667	64.34419633923811	0.6119756177372867	0.03333333333333333	18.3592685321186
3	323	153.71480862148002	54.87692833713974	5.666666666666667	54.87692833713974	0.7319479147192928	0.03333333333333333	21.958437441578784
3	324	153.7185123294115	54.05123125414027	5.7	54.05123125414027	0.6805041454071407	0.03333333333333333	20.41512436221422
2	324	150.29674340788358	62.9669676764157	5.7	62.9669676764157	1.916037885121953	0.03333333333333333	57.481136553658594
2	325	150.26884740638883	62.43993281967453	5.733333333333333	62.43993281967453	0.2767955848936669	0.03333333333333333	8.303867546810007
3	325	153.8005487601601	53.22178444181492	5.733333333333333	53.22178444181492	0.6934665250518935	0.03333333333333333	20.80399575155681
3	326	153.9333532668405	52.408803796989154	5.766666666666667	52.408803796989154	0.6772796118819471	0.03333333333333333	20.318388356458414
2	326	150.27815053695704	61.338331459393075	5.766666666666667	61.338331459393075	1.2147700886244712	0.03333333333333333	36.44310265873414
3	327	154.06919145671543	51.83810447948822	5.8	51.83810447948822	0.3423460930250906	0.03333333333333333	10.270382790752718
2	327	150.05312300005988	60.848922833102925	5.8	60.848922833102925	0.288394983615702	0.03333333333333333	8.65184950847106
3	328	154.1540142315237	50.900094137846004	5.833333333333333	50.900094137846004	0.8865347642624739	0.03333333333333333	26.59604292787422
2	328	149.89062426335684	60.376142641305684	5.833333333333333	60.376142641305684	0.24822563252195912	0.03333333333333333	7.446768975658774
2	329	149.8809524422554	59.41220763539228	5.866666666666666	59.41220763539228	0.9289284710309305	0.03333333333333333	27.867854130927913
3	329	154.10875712723674	50.27805060179298	5.866666666666666	50.27805060179298	0.38718126629599015	0.03333333333333333	11.615437988879705
2	330	149.72298691642402	58.71555188624425	5.9	58.71555188624425	0.5085939269548867	0.03333333333333333	15.257817808646601
3	330	154.157448164443	49.45986485109057	5.9	49.45986485109057	0.6704835690759331	0.03333333333333333	20.114507072277995
2	331	149.62467708681706	57.97489789243208	5.933333333333334	57.97489789243208	0.5566323053979664	0.03333333333333333	16.69896916193899
3	331	154.17122418573146	48.68174400768228	5.933333333333334	48.68174400768228	0.6041676051056901	0.03333333333333333	18.125028153170703
3	332	154.19782473230939	47.9515790128234	5.966666666666667	47.9515790128234	0.5322004713345229	0.03333333333333333	15.966014140035686
2	332	149.5827360572954	57.17762434149106	5.966666666666667	57.17762434149106	0.6359916529392571	0.03333333333333333	19.079749588177712
3	333	154.22272129408404	47.14703905707172	6.0	47.14703905707172	0.6465206341300919	0.03333333333333333	19.395619023902757
2	333	149.39821763922615	56.555682686007955	6.0	56.555682686007955	0.4190680103074355	0.03333333333333333	12.572040309223066
2	334	149.28919303146571	55.69468649366438	6.033333333333333	55.69468649366438	0.7521499339435936	0.03333333333333333	22.56449801830781
3	334	154.26533224021483	46.499164997876555	6.033333333333333	46.499164997876555	0.4197664873686476	0.03333333333333333	12.592994621059427
3	335	154.36061147074014	45.785731693141486	6.066666666666666	45.785731693141486	0.5163895511264399	0.03333333333333333	15.491686533793198
2	335	149.43383620796195	54.65592105835386	6.066666666666666	54.65592105835386	1.1004716212109764	0.03333333333333333	33.014148636329296
2	336	149.36264273192316	54.10432450305439	6.1	54.10432450305439	0.3075444786740009	0.03333333333333333	9.226334360220028
3	336	154.427664345112	45.19100460265722	6.1	45.19100460265722	0.3563893782974138	0.03333333333333333	10.691681348922414
2	337	149.39187980688845	53.241991161150246	6.133333333333333	53.241991161150246	0.7433922204002613	0.03333333333333333	22.30176661200784
3	337	154.4596221876207	44.20150101252818	6.133333333333333	44.20150101252818	0.980041801568273	0.03333333333333333	29.40125404704819
2	338	149.446739231609	52.368141617460836	6.166666666666667	52.368141617460836	0.7656195939932453	0.03333333333333333	22.96858781979736
3	338	154.65442650130896	43.4858530850664	6.166666666666667	43.4858530850664	0.5484834895410243	0.03333333333333333	16.45450468623073
2	339	149.43831119183875	51.684473390029886	6.2	51.684473390029886	0.465725441094749	0.03333333333333333	13.97176323284247
3	339	154.61345348081795	42.69409473855221	6.2	42.69409473855221	0.6271239881807815	0.03333333333333333	18.813719645423447
3	340	154.57380747042163	42.12801204695915	6.233333333333333	42.12801204695915	0.3202289033511951	0.03333333333333333	9.606867100535853
2	340	149.4504332946439	50.93742497292327	6.233333333333333	50.93742497292327	0.5566274171560744	0.03333333333333333	16.698822514682234
3	341	154.63561952715136	41.314097728876355	6.266666666666667	41.314097728876355	0.6649458521770839	0.03333333333333333	19.948375565312517
2	341	149.2732980290275	50.57443797316145	6.266666666666667	50.57443797316145	0.1616858281671288	0.03333333333333333	4.850574845013863
2	342	149.47467540085032	49.57902244524729	6.3	49.57902244524729	1.0315620405552461	0.03333333333333333	30.946861216657386
3	342	154.6084842668819	40.434270073491156	6.3	40.434270073491156	0.7738599056961589	0.03333333333333333	23.21579717088477
3	343	154.58404055876426	40.023011861593545	6.333333333333333	40.023011861593545	0.1682543787462493	0.03333333333333333	5.047631362387479
2	343	149.4819977632036	48.86920217278859	6.333333333333333	48.86920217278859	0.5021999997682495	0.03333333333333333	15.065999993047484
2	344	149.5290098180194	48.03586794552693	6.366666666666666	48.03586794552693	0.6954166899993708	0.03333333333333333	20.862500699981123
3	344	154.6423534198757	39.0285756960227	6.366666666666666	39.0285756960227	0.9922659109317269	0.03333333333333333	29.767977327951808
2	345	149.49470830498726	47.28715064017931	6.4	47.28715064017931	0.5601605941355242	0.03333333333333333	16.804817824065726
3	345	154.6353375021042	38.19752509558861	6.4	38.19752509558861	0.6894363623593045	0.03333333333333333	20.683090870779136
2	346	149.48872157532227	46.51961669525043	6.433333333333334	46.51961669525043	0.5876106822943503	0.03333333333333333	17.62832046883051
3	346	154.7897948082629	37.417680106748534	6.433333333333334	37.417680106748534	0.6305883211553706	0.03333333333333333	18.917649634661117
3	347	154.83493254865428	36.66634581441008	6.466666666666667	36.66634581441008	0.5649570653253019	0.03333333333333333	16.948711959759056
2	347	149.4647369980577	45.74352014167629	6.466666666666667	45.74352014167629	0.6014001757402533	0.03333333333333333	18.0420052722076
3	348	154.84566183664631	35.91946476975082	6.5	35.91946476975082	0.5563449709054844	0.03333333333333333	16.69034912716453
2	348	149.46671459080162	44.85772192646409	6.5	44.85772192646409	0.7837055168500808	0.03333333333333333	23.511165505502426
3	349	154.8546265897004	35.18038571569811	6.533333333333333	35.18038571569811	0.5446936335989307	0.03333333333333333	16.340809007967923
2	349	149.44462849559272	44.22579021656429	6.533333333333333	44.22579021656429	0.3980239671279784	0.03333333333333333	11.940719013839352
2	350	149.45967503622973	43.55414702643228	6.566666666666666	43.55414702643228	0.4495656602449426	0.03333333333333333	13.486969807348277
3	350	154.89309571646226	34.58697960519686	6.566666666666666	34.58697960519686	0.3518044670427701	0.03333333333333333	10.554134011283102
2	351	149.56883200143102	42.74260471335101	6.6	42.74260471335101	0.669197209451088	0.03333333333333333	20.07591628353264
3	351	154.84167254400185	33.7559890901897	6.6	33.7559890901897	0.691939364720263	0.03333333333333333	20.75818094160789
3	352	154.8703720071369	33.03434454024158	6.633333333333333	33.03434454024158	0.5199248281401176	0.03333333333333333	15.597744844203529
2	352	149.65299427710582	41.96873899195957	6.633333333333333	41.96873899195957	0.6044579317977278	0.03333333333333333	18.133737953931835
2	353	149.68298856036918	41.26348714436236	6.666666666666667	41.26348714436236	0.4965728975063834	0.03333333333333333	14.897186925191502
3	353	154.84804852467585	32.32296386826229	6.666666666666667	32.32296386826229	0.5048664938046726	0.03333333333333333	15.14599481414018
2	354	149.79583506786844	40.57189091685905	6.7	40.57189091685905	0.48932226714163546	0.03333333333333333	14.679668014249064
3	354	154.80180875290458	31.65441807483486	6.7	31.65441807483486	0.447324079481102	0.03333333333333333	13.41972238443306
2	355	149.81690114086132	39.95584700878502	6.733333333333333	39.95584700878502	0.37814692350690415	0.03333333333333333	11.344407705207125
3	355	154.65483994622215	31.010957876895212	6.733333333333333	31.010957876895212	0.4338612840915546	0.03333333333333333	13.01583852274664
3	356	154.57348446780762	30.289966800474215	6.766666666666667	30.289966800474215	0.5247855635458385	0.03333333333333333	15.743566906375156
2	356	149.9300534658195	39.1736706783507	6.766666666666667	39.1736706783507	0.6231568355592312	0.03333333333333333	18.694705066776937
2	357	149.99485092795587	38.297007586406046	6.8	38.297007586406046	0.7717561017163184	0.03333333333333333	23.15268305148955
3	357	154.51868593552388	29.415667126394162	6.8	29.415667126394162	0.7664026313708241	0.03333333333333333	22.992078941124724
3	358	154.3728829026656	28.52716681659877	6.833333333333333	28.52716681659877	0.8098536325729561	0.03333333333333333	24.29560897718868
2	358	150.02332949081176	37.44192862111996	6.833333333333333	37.44192862111996	0.7308468691498634	0.03333333333333333	21.925406074495903
3	359	154.4366455652801	27.688321609411478	6.866666666666666	27.688321609411478	0.7065227578511522	0.03333333333333333	21.195682735534565
2	359	149.96080511658744	36.90295410420895	6.866666666666666	36.90295410420895	0.2926347561945939	0.03333333333333333	8.779042685837817
3	360	154.39482253106652	26.89234958137937	6.8999999999999995	26.89234958137937	0.6339025165424884	0.03333333333333333	19.017075496274654
2	360	150.00767847494856	36.04057286527439	6.8999999999999995	36.04057286527439	0.7448220804093587	0.03333333333333333	22.344662412280762
2	361	150.07805157694418	35.28795330839333	6.933333333333334	35.28795330839333	0.5698153680273956	0.03333333333333333	17.09446104082187
3	361	154.29731900833562	26.299726909210435	6.933333333333334	26.299726909210435	0.35890122953035397	0.03333333333333333	10.767036885910619
2	362	149.92970799498326	34.73505221474935	6.966666666666667	34.73505221474935	0.32590937131345477	0.03333333333333333	9.777281139403643
3	362	154.2065622787338	25.592672412970995	6.966666666666667	25.592672412970995	0.5064710596991016	0.03333333333333333	15.194131790973048
2	363	150.04102294356002	33.910037573069374	7.0	33.910037573069374	0.6917894976728325	0.03333333333333333	20.753684930184974
3	363	154.13938558099713	24.7695319444096	7.0	24.7695319444096	0.6807885547270172	0.03333333333333333	20.423656641810513
3	364	154.0459105931838	24.09297120633557	7.033333333333333	24.09297120633557	0.4647230046686395	0.03333333333333333	13.941690140059187
2	364	150.2285963508931	32.88568069642566	7.033333333333333	32.88568069642566	1.0849242024440526	0.03333333333333333	32.54772607332158
2	365	150.26645700565197	32.40283973706819	7.066666666666666	32.40283973706819	0.2328992787597392	0.03333333333333333	6.986978362792176
3	365	153.9229057660228	23.46735615384752	7.066666666666666	23.46735615384752	0.4047258094902126	0.03333333333333333	12.141774284706377
3	366	153.7446257274863	22.772187209452092	7.1	22.772187209452092	0.5133629525826512	0.03333333333333333	15.400888577479536
2	366	150.46886108384174	31.36135609840927	7.1	31.36135609840927	1.1263121264066003	0.03333333333333333	33.78936379219801
2	367	150.27621459575937	30.84870103552209	7.133333333333333	30.84870103552209	0.2981539377627585	0.03333333333333333	8.944618132882756
3	367	153.7021846287894	21.93547352435045	7.133333333333333	21.93547352435045	0.7006681861734021	0.03333333333333333	21.020045585202062
3	368	153.60148372658406	21.14723448405585	7.166666666666667	21.14723448405585	0.63003304104466	0.03333333333333333	18.9009912313398
2	368	150.2503909035619	30.24280357698287	7.166666666666667	30.24280357698287	0.36597082239818934	0.03333333333333333	10.97912467194568
2	369	150.15307465064527	29.09885321553793	7.2	29.09885321553793	1.3198874114041848	0.03333333333333333	39.59662234212554
3	369	153.7176983153621	20.2156848701838	7.2	20.2156848701838	0.8807420747500481	0.03333333333333333	26.422262242501443
3	370	153.7075802148098	19.41149302319755	7.233333333333333	19.41149302319755	0.6454401668071688	0.03333333333333333	19.363205004215065
2	370	150.044049860387	28.510095442411213	7.233333333333333	28.510095442411213	0.35671505248198054	0.03333333333333333	10.701451574459416
3	371	153.88449118394468	18.532173814176712	7.266666666666667	18.532173814176712	0.8036381159941454	0.03333333333333333	24.10914347982436
2	371	149.9173933292747	27.16945378601493	7.266666666666667	27.16945378601493	1.8186864292180573	0.03333333333333333	54.56059287654172
3	372	153.99839257464194	17.742512549684406	7.3	17.742512549684406	0.6351235935390143	0.03333333333333333	19.05370780617043
2	372	149.72436403516738	26.826530138801704	7.3	26.826530138801704	0.15344054811376373	0.03333333333333333	4.603216443412912
2	373	149.65371026952073	25.785349984020485	7.333333333333333	25.785349984020485	1.0895058053094075	0.03333333333333333	32.68517415928223
3	373	154.10180898165248	16.938114158984686	7.333333333333333	16.938114158984686	0.656395721620307	0.03333333333333333	19.69187164860921
3	374	154.25289057798201	16.199227401363384	7.366666666666666	16.199227401363384	0.5672004817493476	0.03333333333333333	17.016014452480427
2	374	149.55356999569074	25.380924570870704	7.366666666666666	25.380924570870704	0.17209705315971535	0.03333333333333333	5.162911594791461
3	375	154.23986545886356	15.43320773796567	7.3999999999999995	15.43320773796567	0.5854172272166579	0.03333333333333333	17.562516816499738
2	375	149.4944328139159	24.750139279346428	7.3999999999999995	24.750139279346428	0.39958641274660583	0.03333333333333333	11.987592382398175
3	376	154.41789920974227	14.533016595164387	7.433333333333334	14.533016595164387	0.8413272537010962	0.03333333333333333	25.239817611032887
2	376	149.4140056842365	24.137035575942825	7.433333333333334	24.137035575942825	0.38055811371819365	0.03333333333333333	11.41674341154581
2	377	149.48439965508203	23.217343362528318	7.466666666666667	23.217343362528318	0.850112101766128	0.03333333333333333	25.50336305298384
3	377	154.3981032907422	13.90262401469413	7.466666666666667	13.90262401469413	0.3959843832817165	0.03333333333333333	11.879531498451495
3	378	154.46216145724262	13.126515934200347	7.5	13.126515934200347	0.6049549049547289	0.03333333333333333	18.148647148641867
2	378	149.4436015384359	22.560728726852922	7.5	22.560728726852922	0.4310254126768469	0.03333333333333333	12.930762380305408
3	379	154.40465998857763	12.46847939480994	7.533333333333333	12.46847939480994	0.43453949268912884	0.03333333333333333	13.036184780673866
2	379	149.57107013799674	21.545422965280927	7.533333333333333	21.545422965280927	1.0473314313736128	0.03333333333333333	31.419942941208387
3	380	154.55498273933202	11.490062112154195	7.566666666666666	11.490062112154195	0.9797992865740472	0.03333333333333333	29.393978597221416
2	380	149.45895971495662	20.835835368714847	7.566666666666666	20.835835368714847	0.5144043407442522	0.03333333333333333	15.432130222327567
3	381	154.7150643868006	10.819655034464235	7.6	10.819655034464235	0.473333132011591	0.03333333333333333	14.19999396034773
2	381	149.57485453959706	19.681054223056478	7.6	19.681054223056478	1.3489288310751608	0.03333333333333333	40.46786493225483
3	382	154.6767804745382	10.276237309197198	7.633333333333333	10.276237309197198	0.2949978340187192	0.03333333333333333	8.849935020561576
2	382	149.59786856504397	19.102025877819234	7.633333333333333	19.102025877819234	0.3340031825312295	0.03333333333333333	10.020095475936886
3	383	154.6957497484536	9.443955144915838	7.666666666666667	9.443955144915838	0.6918027965101371	0.03333333333333333	20.754083895304113
2	383	149.55843939333363	18.43415417826539	7.666666666666667	18.43415417826539	0.44583832254557554	0.03333333333333333	13.375149676367267
3	384	154.75725677592663	8.823982304171983	7.7	8.823982304171983	0.38634412227425974	0.03333333333333333	11.590323668227793
2	384	149.6278140262801	17.504463405864144	7.7	17.504463405864144	0.8685374833045867	0.03333333333333333	26.0561244991376
2	385	149.69222934464344	16.73633521613994	7.733333333333333	16.73633521613994	0.592648451435723	0.03333333333333333	17.77945354307169
3	385	154.73298123001803	8.25686152719933	7.733333333333333	8.25686152719933	0.3204226321363617	0.03333333333333333	9.61267896409085
3	386	154.5737201532691	7.812339259500225	7.766666666666667	7.812339259500225	0.2213218660416488	0.03333333333333333	6.639655981249464
2	386	149.63996775320098	16.273943546774632	7.766666666666667	16.273943546774632	0.2149114296623885	0.03333333333333333	6.4473428898716545
3	387	154.35425564803052	7.462517701638336	7.8	7.462517701638336	0.16906028131464862	0.03333333333333333	5.071808439439459
2	387	149.70655819207906	15.476228084532268	7.8	15.476228084532268	0.6393809008818525	0.03333333333333333	19.181427026455577
3	388	154.0652542815858	7.1751124611234935	7.833333333333333	7.1751124611234935	0.16466108157451292	0.03333333333333333	4.939832447235387
2	388	149.71562015345717	14.91220978148482	7.833333333333333	14.91220978148482	0.31640891342285193	0.03333333333333333	9.492267402685558
3	389	153.821092618719	6.801843132768327	7.866666666666666	6.801843132768327	0.19736870174078422	0.03333333333333333	5.921061052223527
2	389	149.74720447116619	14.085750947304248	7.866666666666666	14.085750947304248	0.6827533453615563	0.03333333333333333	20.48260036084669
2	390	149.74256499673612	13.292555043359089	7.8999999999999995	13.292555043359089	0.6277468226370526	0.03333333333333333	18.83240467911158
3	390	153.7516349495639	6.2515837375530445	7.8999999999999995	6.2515837375530445	0.30582848799304363	0.03333333333333333	9.17485463979131
