	v_e	v_c	v_b
0		11.310910482483914	11.362517593303277
1	17.881562815593572	14.381782452066174	13.80383714163321
2	14.572647121335764	12.64518088305872	12.576736357844505
3	20.67378093752479	13.970694358839646	13.025177664694217
4	14.53784881458649	13.112348636111948	13.226156369752434
5	15.944102990290206	13.087165551661315	11.910596010241106
6	16.24544307840303	14.98101718109973	13.811234503813125
7	19.278548071542964	17.9606451644227	13.273896164748985
8	15.964386761428841	10.571773015910141	10.045154315176633
